1-516553982 1 1 2 1 2 1 6 1 6 1 2 9
1-516553982 1 1 2 1 2 1 6 1 6 1 2 1 10
1-516553982 1 1 2 1 2 1 6 1 6 1 2 1 2 11
1-516553982 1 1 2 1 2 1 6 1 6 1 2 1 2 1 12
1-516553982 1 1 2 1 2 1 6 1 6 1 2 1 2 1 2 13
1-516553982 1 1 2 1 2 1 6 1 6 1 2 1 2 1 2 1 14
1-516553982 1 1 2 1 2 1 6 1 6 1 2 1 2 1 2 1 2 15
1-516553982 1 1 2 1 2 1 6 1 6 1 2 1 2 1 2 1 2 1 16
1-516553982 1 1 2 1 2 1 6 1 6 1 2 1 2 1 2 1 2 1 1 17
1-516553982 1 1 2 1 2 1 6 1 6 1 2 1 2 1 2 1 2 1 1 3 18
1-516553982 1 1 2 1 2 1 6 1 6 1 2 1 2 1 2 1 2 1 1 3 5 19
1-544976636 1 1 2 1 2 1 2 1 2 1 7 9
1-544976636 1 1 2 1 2 1 2 1 2 1 7 1 10
1-544976636 1 1 2 1 2 1 2 1 2 1 7 1 3 11
1-544976636 1 1 2 1 2 1 2 1 2 1 7 1 3 5 12
1-559795575 2 2 1 2 1 6 1 2 1 2 1 9
1-559795575 2 2 1 2 1 6 1 2 1 2 1 2 10
1-559795575 2 2 1 2 1 6 1 2 1 2 1 2 1 11
1-559795575 2 2 1 2 1 6 1 2 1 2 1 2 1 2 12
1-559795575 2 2 1 2 1 6 1 2 1 2 1 2 1 2 1 13
1-559795575 2 2 1 2 1 6 1 2 1 2 1 2 1 2 1 2 14
1-559795575 2 2 1 2 1 6 1 2 1 2 1 2 1 2 1 2 1 15
1-559795575 2 2 1 2 1 6 1 2 1 2 1 2 1 2 1 2 1 2 16
1-559795575 2 2 1 2 1 6 1 2 1 2 1 2 1 2 1 2 1 2 1 17
1-559795575 2 2 1 2 1 6 1 2 1 2 1 2 1 2 1 2 1 2 1 6 18
1-559795575 2 2 1 2 1 6 1 2 1 2 1 2 1 2 1 2 1 2 1 6 4 19
1-559795575 2 2 1 2 1 6 1 2 1 2 1 2 1 2 1 2 1 2 1 6 4 1 20
1-559795575 2 2 1 2 1 6 1 2 1 2 1 2 1 2 1 2 1 2 1 6 4 1 6 21
1-559795575 2 2 1 2 1 6 1 2 1 2 1 2 1 2 1 2 1 2 1 6 4 1 6 1 22
1-559795575 2 2 1 2 1 6 1 2 1 2 1 2 1 2 1 2 1 2 1 6 4 1 6 1 3 23
1-559795575 2 2 1 2 1 6 1 2 1 2 1 2 1 2 1 2 1 2 1 6 4 1 6 1 3 5 24
1-587101946 1 1 2 1 6 1 7 6 1 2 1 9
1-587101946 1 1 2 1 6 1 7 6 1 2 1 3 10
1-587101946 1 1 2 1 6 1 7 6 1 2 1 3 5 11
1-609835209 1 1 2 1 2 1 4 1 2 1 7 9
1-609835209 1 1 2 1 2 1 4 1 2 1 7 1 10
1-609835209 1 1 2 1 2 1 4 1 2 1 7 1 3 11
1-609835209 1 1 2 1 2 1 4 1 2 1 7 1 3 5 12
1-636928149 1 1 2 1 2 1 2 1 2 1 2 9
1-636928149 1 1 2 1 2 1 2 1 2 1 2 1 10
1-636928149 1 1 2 1 2 1 2 1 2 1 2 1 3 11
1-636928149 1 1 2 1 2 1 2 1 2 1 2 1 3 5 12
1-638945511 2 1 2 1 6 4 1 11 1 3 5 9
1-651196130 1 1 2 1 10 1 2 1 4 1 3 9
1-651196130 1 1 2 1 10 1 2 1 4 1 3 5 10
1-652947231 2 2 2 1 4 1 6 1 6 3 5 9
1-687329729 1 1 2 1 2 1 8 4 1 6 3 9
1-687329729 1 1 2 1 2 1 8 4 1 6 3 5 10
1-687638428 1 1 2 1 2 1 2 1 7 6 3 9
1-687638428 1 1 2 1 2 1 2 1 7 6 3 5 10
1-688696731 2 1 2 1 6 3 2 1 6 3 5 9
1-692009261 2 2 1 2 1 2 1 4 1 6 3 9
1-692009261 2 2 1 2 1 2 1 4 1 6 3 5 10
1-694796871 2 1 2 1 4 1 4 1 7 3 5 9
1-695872361 2 1 2 1 2 1 2 1 10 6 1 9
1-695872361 2 1 2 1 2 1 2 1 10 6 1 3 10
1-695872361 2 1 2 1 2 1 2 1 10 6 1 3 5 11
1-696101645 1 1 2 1 2 1 2 1 2 1 3 9
1-696101645 1 1 2 1 2 1 2 1 2 1 3 5 10
1-696861441 1 1 2 1 4 1 7 1 6 1 2 9
1-696861441 1 1 2 1 4 1 7 1 6 1 2 1 10
1-696861441 1 1 2 1 4 1 7 1 6 1 2 1 6 11
1-696861441 1 1 2 1 4 1 7 1 6 1 2 1 6 3 12
1-696861441 1 1 2 1 4 1 7 1 6 1 2 1 6 3 5 13
1-698400941 1 1 2 1 2 1 2 1 2 1 4 9
1-698400941 1 1 2 1 2 1 2 1 2 1 4 1 10
1-698400941 1 1 2 1 2 1 2 1 2 1 4 1 6 11
1-698400941 1 1 2 1 2 1 2 1 2 1 4 1 6 2 12
1-698400941 1 1 2 1 2 1 2 1 2 1 4 1 6 2 1 13
1-698400941 1 1 2 1 2 1 2 1 2 1 4 1 6 2 1 3 14
1-698400941 1 1 2 1 2 1 2 1 2 1 4 1 6 2 1 3 5 15
1-699719677 1 1 2 1 8 6 8 2 1 6 3 9
1-699719677 1 1 2 1 8 6 8 2 1 6 3 5 10
1-700466198 1 1 2 1 2 1 6 6 6 3 5 9
1-700466198 1 1 2 1 2 1 6 6 6 3 5 1 10
1-700466198 1 1 2 1 2 1 6 6 6 3 5 1 6 11
1-700466198 1 1 2 1 2 1 6 6 6 3 5 1 6 3 12
1-700466198 1 1 2 1 2 1 6 6 6 3 5 1 6 3 5 13
1-700466198 1 1 2 1 2 1 6 6 6 3 5 1 6 3 5 1 14
1-700466198 1 1 2 1 2 1 6 6 6 3 5 1 6 3 5 1 3 15
1-700466198 1 1 2 1 2 1 6 6 6 3 5 1 6 3 5 1 3 5 16
1-703368981 1 1 2 1 4 1 2 1 2 1 4 9
1-703368981 1 1 2 1 4 1 2 1 2 1 4 1 10
1-703368981 1 1 2 1 4 1 2 1 2 1 4 1 2 11
1-703368981 1 1 2 1 4 1 2 1 2 1 4 1 2 1 12
1-703368981 1 1 2 1 4 1 2 1 2 1 4 1 2 1 7 13
1-703368981 1 1 2 1 4 1 2 1 2 1 4 1 2 1 7 3 14
1-703368981 1 1 2 1 4 1 2 1 2 1 4 1 2 1 7 3 5 15
1-703999194 1 1 6 2 1 2 1 6 6 3 5 9
1-707807221 1 1 2 1 7 1 2 1 2 1 7 9
1-707807221 1 1 2 1 7 1 2 1 2 1 7 10 10
1-707807221 1 1 2 1 7 1 2 1 2 1 7 10 1 11
1-707807221 1 1 2 1 7 1 2 1 2 1 7 10 1 2 12
1-707807221 1 1 2 1 7 1 2 1 2 1 7 10 1 2 1 13
1-707807221 1 1 2 1 7 1 2 1 2 1 7 10 1 2 1 8 14
1-707807221 1 1 2 1 7 1 2 1 2 1 7 10 1 2 1 8 2 15
1-707807221 1 1 2 1 7 1 2 1 2 1 7 10 1 2 1 8 2 1 16
1-707807221 1 1 2 1 7 1 2 1 2 1 7 10 1 2 1 8 2 1 10 17
1-707807221 1 1 2 1 7 1 2 1 2 1 7 10 1 2 1 8 2 1 10 1 18
1-707807221 1 1 2 1 7 1 2 1 2 1 7 10 1 2 1 8 2 1 10 1 2 19
1-707807221 1 1 2 1 7 1 2 1 2 1 7 10 1 2 1 8 2 1 10 1 2 1 20
1-707807221 1 1 2 1 7 1 2 1 2 1 7 10 1 2 1 8 2 1 10 1 2 1 3 21
1-707807221 1 1 2 1 7 1 2 1 2 1 7 10 1 2 1 8 2 1 10 1 2 1 3 5 22
1-709758563 1 1 2 1 10 1 10 1 6 3 5 9
1-709758563 1 1 2 1 10 1 10 1 6 3 5 1 10
1-709758563 1 1 2 1 10 1 10 1 6 3 5 1 10 11
1-709758563 1 1 2 1 10 1 10 1 6 3 5 1 10 3 12
1-709758563 1 1 2 1 10 1 10 1 6 3 5 1 10 3 5 13
1-715819222 1 1 6 2 1 6 1 6 3 1 10 9
1-715819222 1 1 6 2 1 6 1 6 3 1 10 1 10
1-715819222 1 1 6 2 1 6 1 6 3 1 10 1 8 11
1-715819222 1 1 6 2 1 6 1 6 3 1 10 1 8 1 12
1-715819222 1 1 6 2 1 6 1 6 3 1 10 1 8 1 10 13
1-715819222 1 1 6 2 1 6 1 6 3 1 10 1 8 1 10 3 14
1-715819222 1 1 6 2 1 6 1 6 3 1 10 1 8 1 10 3 5 15
1-716530349 1 1 2 1 2 1 6 2 1 2 1 9
1-716530349 1 1 2 1 2 1 6 2 1 2 1 6 10
1-716530349 1 1 2 1 2 1 6 2 1 2 1 6 3 11
1-716530349 1 1 2 1 2 1 6 2 1 2 1 6 3 5 12
1-718162127 1 1 2 1 4 1 2 1 6 3 5 9
1-718162127 1 1 2 1 4 1 2 1 6 3 5 2 10
1-718162127 1 1 2 1 4 1 2 1 6 3 5 2 1 11
1-718162127 1 1 2 1 4 1 2 1 6 3 5 2 1 3 12
1-718162127 1 1 2 1 4 1 2 1 6 3 5 2 1 3 5 13
1-718977997 1 1 2 1 6 1 6 1 6 3 5 9
1-719171221 2 1 4 1 1 6 1 2 1 3 5 9
1-719417071 2 1 1 2 1 6 7 6 7 6 1 9
1-719417071 2 1 1 2 1 6 7 6 7 6 1 6 10
1-719417071 2 1 1 2 1 6 7 6 7 6 1 6 3 11
1-719417071 2 1 1 2 1 6 7 6 7 6 1 6 3 5 12
1-719604235 1 1 2 1 6 1 2 1 6 3 5 9
1-720120744 1 1 8 1 6 6 1 6 1 6 1 9
1-720120744 1 1 8 1 6 6 1 6 1 6 1 6 10
1-720120744 1 1 8 1 6 6 1 6 1 6 1 6 1 11
1-720120744 1 1 8 1 6 6 1 6 1 6 1 6 1 3 12
1-720120744 1 1 8 1 6 6 1 6 1 6 1 6 1 3 5 13
1-720206203 1 1 2 1 4 1 3 2 1 4 1 9
1-720206203 1 1 2 1 4 1 3 2 1 4 1 3 10
1-720206203 1 1 2 1 4 1 3 2 1 4 1 3 5 11
1-720444903 1 1 1 2 1 6 1 3 1 6 1 9
1-720444903 1 1 1 2 1 6 1 3 1 6 1 6 10
1-720444903 1 1 1 2 1 6 1 3 1 6 1 6 4 11
1-720444903 1 1 1 2 1 6 1 3 1 6 1 6 4 1 12
1-720444903 1 1 1 2 1 6 1 3 1 6 1 6 4 1 2 13
1-720444903 1 1 1 2 1 6 1 3 1 6 1 6 4 1 2 1 14
1-720444903 1 1 1 2 1 6 1 3 1 6 1 6 4 1 2 1 4 15
1-720444903 1 1 1 2 1 6 1 3 1 6 1 6 4 1 2 1 4 1 16
1-720444903 1 1 1 2 1 6 1 3 1 6 1 6 4 1 2 1 4 1 3 17
1-720444903 1 1 1 2 1 6 1 3 1 6 1 6 4 1 2 1 4 1 3 5 18
1-722180065 1 1 2 1 6 1 6 6 1 6 3 9
1-722180065 1 1 2 1 6 1 6 6 1 6 3 5 10
1-722563671 2 1 2 1 2 1 2 1 10 6 1 9
1-722563671 2 1 2 1 2 1 2 1 10 6 1 3 10
1-722563671 2 1 2 1 2 1 2 1 10 6 1 3 5 11
1-722676834 1 1 8 2 1 6 1 2 1 4 1 9
1-722676834 1 1 8 2 1 6 1 2 1 4 1 3 10
1-722676834 1 1 8 2 1 6 1 2 1 4 1 3 5 11
1-724993372 1 1 9 1 3 1 8 6 8 3 5 9
1-726667991 2 2 2 1 2 1 3 1 3 2 1 9
1-726667991 2 2 2 1 2 1 3 1 3 2 1 1 10
1-726667991 2 2 2 1 2 1 3 1 3 2 1 1 6 11
1-726667991 2 2 2 1 2 1 3 1 3 2 1 1 6 3 12
1-726667991 2 2 2 1 2 1 3 1 3 2 1 1 6 3 5 13
1-728479661 1 1 2 1 6 1 6 1 3 1 2 9
1-728479661 1 1 2 1 6 1 6 1 3 1 2 1 10
1-728479661 1 1 2 1 6 1 6 1 3 1 2 1 6 11
1-728479661 1 1 2 1 6 1 6 1 3 1 2 1 6 1 12
1-728479661 1 1 2 1 6 1 6 1 3 1 2 1 6 1 2 13
1-728479661 1 1 2 1 6 1 6 1 3 1 2 1 6 1 2 1 14
1-728479661 1 1 2 1 6 1 6 1 3 1 2 1 6 1 2 1 2 15
1-728479661 1 1 2 1 6 1 6 1 3 1 2 1 6 1 2 1 2 1 16
1-728479661 1 1 2 1 6 1 6 1 3 1 2 1 6 1 2 1 2 1 3 17
1-728479661 1 1 2 1 6 1 6 1 3 1 2 1 6 1 2 1 2 1 3 5 18
1-728728162 1 1 2 1 4 1 6 4 1 6 4 9
1-728728162 1 1 2 1 4 1 6 4 1 6 4 1 10
1-728728162 1 1 2 1 4 1 6 4 1 6 4 1 6 11
1-728728162 1 1 2 1 4 1 6 4 1 6 4 1 6 3 12
1-728728162 1 1 2 1 4 1 6 4 1 6 4 1 6 3 5 13
1-729082701 2 1 4 1 2 1 8 2 1 4 1 9
1-729082701 2 1 4 1 2 1 8 2 1 4 1 6 10
1-729082701 2 1 4 1 2 1 8 2 1 4 1 6 3 11
1-729082701 2 1 4 1 2 1 8 2 1 4 1 6 3 5 12
1-729278754 1 1 2 1 2 1 7 1 6 1 6 9
1-729278754 1 1 2 1 2 1 7 1 6 1 6 1 10
1-729278754 1 1 2 1 2 1 7 1 6 1 6 1 3 11
1-729278754 1 1 2 1 2 1 7 1 6 1 6 1 3 5 12
1-729347720 1 1 2 1 2 1 6 6 4 1 3 9
1-729347720 1 1 2 1 2 1 6 6 4 1 3 5 10
1-729351021 2 1 4 1 6 1 6 1 6 1 1 9
1-729351021 2 1 4 1 6 1 6 1 6 1 1 2 10
1-729351021 2 1 4 1 6 1 6 1 6 1 1 2 1 11
1-729351021 2 1 4 1 6 1 6 1 6 1 1 2 1 6 12
1-729351021 2 1 4 1 6 1 6 1 6 1 1 2 1 6 3 13
1-729351021 2 1 4 1 6 1 6 1 6 1 1 2 1 6 3 5 14
1-729351752 2 1 8 1 1 2 1 2 1 7 4 9
1-729351752 2 1 8 1 1 2 1 2 1 7 4 1 10
1-729351752 2 1 8 1 1 2 1 2 1 7 4 1 6 11
1-729351752 2 1 8 1 1 2 1 2 1 7 4 1 6 3 12
1-729351752 2 1 8 1 1 2 1 2 1 7 4 1 6 3 5 13
1-729351761 2 1 2 1 2 1 10 7 1 7 1 9
1-729351761 2 1 2 1 2 1 10 7 1 7 1 6 10
1-729351761 2 1 2 1 2 1 10 7 1 7 1 6 1 11
1-729351761 2 1 2 1 2 1 10 7 1 7 1 6 1 3 12
1-729351761 2 1 2 1 2 1 10 7 1 7 1 6 1 3 5 13
1-729441801 1 1 7 1 10 7 1 7 1 6 3 9
1-729441801 1 1 7 1 10 7 1 7 1 6 3 5 10
1-729463071 2 1 6 1 2 1 6 2 1 3 5 9
1-729463281 2 1 6 2 1 2 1 3 1 3 5 9
1-729527202 1 1 2 1 6 1 10 1 2 1 3 9
1-729527202 1 1 2 1 6 1 10 1 2 1 3 5 10
1-729748001 1 1 2 1 7 6 2 1 3 1 8 9
1-729748001 1 1 2 1 7 6 2 1 3 1 8 7 10
1-729748001 1 1 2 1 7 6 2 1 3 1 8 7 3 11
1-729748001 1 1 2 1 7 6 2 1 3 1 8 7 3 5 12
1-729753991 1 1 4 1 2 1 4 1 3 2 1 9
1-729753991 1 1 4 1 2 1 4 1 3 2 1 4 10
1-729753991 1 1 4 1 2 1 4 1 3 2 1 4 1 11
1-729753991 1 1 4 1 2 1 4 1 3 2 1 4 1 3 12
1-729753991 1 1 4 1 2 1 4 1 3 2 1 4 1 3 5 13
1-729769620 1 1 2 1 2 1 8 1 6 1 3 9
1-729769620 1 1 2 1 2 1 8 1 6 1 3 5 10
1-729794376 1 1 6 4 4 1 6 10 6 3 5 9
1-729802209 1 1 2 1 4 1 4 1 6 3 5 9
1-729820704 1 1 2 1 4 1 6 2 1 4 1 9
1-729820704 1 1 2 1 4 1 6 2 1 4 1 6 10
1-729820704 1 1 2 1 4 1 6 2 1 4 1 6 3 11
1-729820704 1 1 2 1 4 1 6 2 1 4 1 6 3 5 12
1-729896421 1 1 2 1 6 2 1 6 2 1 6 9
1-729896421 1 1 2 1 6 2 1 6 2 1 6 3 10
1-729896421 1 1 2 1 6 2 1 6 2 1 6 3 5 11
1-730077100 1 1 2 1 2 1 4 1 7 1 7 9
1-730077100 1 1 2 1 2 1 4 1 7 1 7 3 10
1-730077100 1 1 2 1 2 1 4 1 7 1 7 3 5 11
1-730177483 1 1 1 2 1 6 2 1 6 1 6 9
1-730177483 1 1 1 2 1 6 2 1 6 1 6 1 10
1-730177483 1 1 1 2 1 6 2 1 6 1 6 1 3 11
1-730177483 1 1 1 2 1 6 2 1 6 1 6 1 3 5 12
1-730664821 1 1 4 1 2 2 1 2 1 8 1 9
1-730664821 1 1 4 1 2 2 1 2 1 8 1 7 10
1-730664821 1 1 4 1 2 2 1 2 1 8 1 7 1 11
1-730664821 1 1 4 1 2 2 1 2 1 8 1 7 1 2 12
1-730664821 1 1 4 1 2 2 1 2 1 8 1 7 1 2 1 13
1-730664821 1 1 4 1 2 2 1 2 1 8 1 7 1 2 1 3 14
1-730664821 1 1 4 1 2 2 1 2 1 8 1 7 1 2 1 3 5 15
1-730784738 1 1 4 1 1 2 1 4 1 2 1 9
1-730784738 1 1 4 1 1 2 1 4 1 2 1 3 10
1-730784738 1 1 4 1 1 2 1 4 1 2 1 3 5 11
1-730919669 1 1 8 6 6 6 6 4 1 4 1 9
1-730919669 1 1 8 6 6 6 6 4 1 4 1 3 10
1-730919669 1 1 8 6 6 6 6 4 1 4 1 3 5 11
1-731123267 1 1 2 1 6 2 1 6 1 3 5 9
1-731792134 1 1 2 1 2 1 2 1 2 1 2 9
1-731792134 1 1 2 1 2 1 2 1 2 1 2 1 10
1-731792134 1 1 2 1 2 1 2 1 2 1 2 1 2 11
1-731792134 1 1 2 1 2 1 2 1 2 1 2 1 2 1 12
1-731792134 1 1 2 1 2 1 2 1 2 1 2 1 2 1 6 13
1-731792134 1 1 2 1 2 1 2 1 2 1 2 1 2 1 6 6 14
1-731792134 1 1 2 1 2 1 2 1 2 1 2 1 2 1 6 6 6 15
1-731792134 1 1 2 1 2 1 2 1 2 1 2 1 2 1 6 6 6 3 16
1-731792134 1 1 2 1 2 1 2 1 2 1 2 1 2 1 6 6 6 3 5 17
1-731869752 2 1 2 1 4 1 2 1 7 6 3 9
1-731869752 2 1 2 1 4 1 2 1 7 6 3 5 10
1-731925995 1 1 6 1 2 1 2 2 1 7 6 9
1-731925995 1 1 6 1 2 1 2 2 1 7 6 2 10
1-731925995 1 1 6 1 2 1 2 2 1 7 6 2 1 11
1-731925995 1 1 6 1 2 1 2 2 1 7 6 2 1 3 12
1-731925995 1 1 6 1 2 1 2 2 1 7 6 2 1 3 5 13
1-731965990 1 1 2 1 2 1 2 1 4 1 6 9
1-731965990 1 1 2 1 2 1 2 1 4 1 6 3 10
1-731965990 1 1 2 1 2 1 2 1 4 1 6 3 5 11
1-732027653 1 1 1 6 1 2 1 6 1 8 1 9
1-732027653 1 1 1 6 1 2 1 6 1 8 1 6 10
1-732027653 1 1 1 6 1 2 1 6 1 8 1 6 1 11
1-732027653 1 1 1 6 1 2 1 6 1 8 1 6 1 3 12
1-732027653 1 1 1 6 1 2 1 6 1 8 1 6 1 3 5 13
1-732161757 1 1 2 1 2 1 4 1 4 1 6 9
1-732161757 1 1 2 1 2 1 4 1 4 1 6 3 10
1-732161757 1 1 2 1 2 1 4 1 4 1 6 3 5 11
1-732240803 1 1 2 1 2 1 2 1 2 1 2 9
1-732240803 1 1 2 1 2 1 2 1 2 1 2 1 10
1-732240803 1 1 2 1 2 1 2 1 2 1 2 1 6 11
1-732240803 1 1 2 1 2 1 2 1 2 1 2 1 6 3 12
1-732240803 1 1 2 1 2 1 2 1 2 1 2 1 6 3 5 13
1-732361418 1 1 2 1 2 1 6 2 1 2 1 9
1-732361418 1 1 2 1 2 1 6 2 1 2 1 6 10
1-732361418 1 1 2 1 2 1 6 2 1 2 1 6 1 11
1-732361418 1 1 2 1 2 1 6 2 1 2 1 6 1 2 12
1-732361418 1 1 2 1 2 1 6 2 1 2 1 6 1 2 1 13
1-732361418 1 1 2 1 2 1 6 2 1 2 1 6 1 2 1 6 14
1-732361418 1 1 2 1 2 1 6 2 1 2 1 6 1 2 1 6 3 15
1-732361418 1 1 2 1 2 1 6 2 1 2 1 6 1 2 1 6 3 5 16
1-732525291 1 1 6 6 1 2 2 1 6 1 3 9
1-732525291 1 1 6 6 1 2 2 1 6 1 3 5 10
1-732883071 1 1 2 1 6 4 1 6 4 1 3 9
1-732883071 1 1 2 1 6 4 1 6 4 1 3 5 10
1-732895470 1 1 2 2 1 2 1 2 1 6 6 9
1-732895470 1 1 2 2 1 2 1 2 1 6 6 1 10
1-732895470 1 1 2 2 1 2 1 2 1 6 6 1 3 11
1-732895470 1 1 2 2 1 2 1 2 1 6 6 1 3 5 12
1-733073481 2 1 4 1 2 1 2 1 6 1 3 9
1-733073481 2 1 4 1 2 1 2 1 6 1 3 5 10
1-733158183 1 1 3 1 2 1 4 1 6 3 5 9
1-733177423 1 1 2 1 2 1 2 1 2 1 3 9
1-733177423 1 1 2 1 2 1 2 1 2 1 3 1 10
1-733177423 1 1 2 1 2 1 2 1 2 1 3 1 2 11
1-733177423 1 1 2 1 2 1 2 1 2 1 3 1 2 1 12
1-733177423 1 1 2 1 2 1 2 1 2 1 3 1 2 1 2 13
1-733177423 1 1 2 1 2 1 2 1 2 1 3 1 2 1 2 1 14
1-733177423 1 1 2 1 2 1 2 1 2 1 3 1 2 1 2 1 2 15
1-733177423 1 1 2 1 2 1 2 1 2 1 3 1 2 1 2 1 2 1 16
1-733177423 1 1 2 1 2 1 2 1 2 1 3 1 2 1 2 1 2 1 2 17
1-733177423 1 1 2 1 2 1 2 1 2 1 3 1 2 1 2 1 2 1 2 1 18
1-733177423 1 1 2 1 2 1 2 1 2 1 3 1 2 1 2 1 2 1 2 1 2 19
1-733177423 1 1 2 1 2 1 2 1 2 1 3 1 2 1 2 1 2 1 2 1 2 1 20
1-733177423 1 1 2 1 2 1 2 1 2 1 3 1 2 1 2 1 2 1 2 1 2 1 3 21
1-733177423 1 1 2 1 2 1 2 1 2 1 3 1 2 1 2 1 2 1 2 1 2 1 3 5 22
1-733405424 1 1 9 1 1 2 1 4 1 8 6 9
1-733405424 1 1 9 1 1 2 1 4 1 8 6 1 10
1-733405424 1 1 9 1 1 2 1 4 1 8 6 1 2 11
1-733405424 1 1 9 1 1 2 1 4 1 8 6 1 2 1 12
1-733405424 1 1 9 1 1 2 1 4 1 8 6 1 2 1 3 13
1-733405424 1 1 9 1 1 2 1 4 1 8 6 1 2 1 3 5 14
1-733485346 1 1 2 1 2 1 6 1 6 1 3 9
1-733485346 1 1 2 1 2 1 6 1 6 1 3 5 10
1-734673331 2 1 4 1 6 1 6 1 1 6 1 9
1-734673331 2 1 4 1 6 1 6 1 1 6 1 3 10
1-734673331 2 1 4 1 6 1 6 1 1 6 1 3 5 11
1-734812591 2 1 1 2 1 6 1 6 1 6 1 9
1-734812591 2 1 1 2 1 6 1 6 1 6 1 6 10
1-734812591 2 1 1 2 1 6 1 6 1 6 1 6 3 11
1-734812591 2 1 1 2 1 6 1 6 1 6 1 6 3 5 12
1-734812751 2 1 1 2 1 2 1 4 1 3 5 9
1-734812831 2 1 1 2 1 4 1 4 1 3 5 9
1-734836356 1 1 1 2 1 2 1 6 1 3 5 9
1-734863171 1 1 2 1 6 1 8 3 1 6 3 9
1-734863171 1 1 2 1 6 1 8 3 1 6 3 5 10
1-734911386 1 1 8 4 1 2 1 6 2 1 2 9
1-734911386 1 1 8 4 1 2 1 6 2 1 2 1 10
1-734911386 1 1 8 4 1 2 1 6 2 1 2 1 2 11
1-734911386 1 1 8 4 1 2 1 6 2 1 2 1 2 1 12
1-734911386 1 1 8 4 1 2 1 6 2 1 2 1 2 1 8 13
1-734911386 1 1 8 4 1 2 1 6 2 1 2 1 2 1 8 4 14
1-734911386 1 1 8 4 1 2 1 6 2 1 2 1 2 1 8 4 1 15
1-734911386 1 1 8 4 1 2 1 6 2 1 2 1 2 1 8 4 1 3 16
1-734911386 1 1 8 4 1 2 1 6 2 1 2 1 2 1 8 4 1 3 5 17
1-734916461 1 1 2 2 1 2 1 4 1 11 3 9
1-734916461 1 1 2 2 1 2 1 4 1 11 3 5 10
1-734941798 1 1 2 1 2 1 2 1 2 1 2 9
1-734941798 1 1 2 1 2 1 2 1 2 1 2 1 10
1-734941798 1 1 2 1 2 1 2 1 2 1 2 1 3 11
1-734941798 1 1 2 1 2 1 2 1 2 1 2 1 3 5 12
1-734969939 1 1 2 1 1 2 1 2 1 6 3 9
1-734969939 1 1 2 1 1 2 1 2 1 6 3 5 10
1-735078091 2 2 2 1 2 1 6 6 1 3 5 9
1-735117242 1 1 2 1 3 2 1 2 1 8 3 9
1-735117242 1 1 2 1 3 2 1 2 1 8 3 5 10
1-735171475 1 1 2 1 2 1 10 2 1 6 3 9
1-735171475 1 1 2 1 2 1 10 2 1 6 3 5 10
1-735180913 1 1 1 2 1 2 1 4 1 3 5 9
1-735224038 1 1 1 1 2 1 2 1 4 1 6 9
1-735224038 1 1 1 1 2 1 2 1 4 1 6 3 10
1-735224038 1 1 1 1 2 1 2 1 4 1 6 3 5 11
1-735918621 2 1 4 1 8 1 8 1 6 1 6 9
1-735918621 2 1 4 1 8 1 8 1 6 1 6 1 10
1-735918621 2 1 4 1 8 1 8 1 6 1 6 1 6 11
1-735918621 2 1 4 1 8 1 8 1 6 1 6 1 6 1 12
1-735918621 2 1 4 1 8 1 8 1 6 1 6 1 6 1 3 13
1-735918621 2 1 4 1 8 1 8 1 6 1 6 1 6 1 3 5 14
1-736380358 1 1 6 2 1 4 1 6 1 3 5 9
1-736474965 1 1 2 1 6 4 1 2 1 2 1 9
1-736474965 1 1 2 1 6 4 1 2 1 2 1 3 10
1-736474965 1 1 2 1 6 4 1 2 1 2 1 3 5 11
1-736488559 1 1 9 1 6 1 2 1 6 3 5 9
1-736496737 2 1 2 1 10 1 10 1 3 1 3 9
1-736496737 2 1 2 1 10 1 10 1 3 1 3 5 10
1-736541381 1 1 2 1 2 1 2 1 7 6 3 9
1-736541381 1 1 2 1 2 1 2 1 7 6 3 5 10
1-736567223 1 1 6 1 2 1 4 1 6 4 1 9
1-736567223 1 1 6 1 2 1 4 1 6 4 1 3 10
1-736567223 1 1 6 1 2 1 4 1 6 4 1 3 5 11
1-736611878 1 1 2 1 2 1 7 6 1 3 5 9
1-736651898 1 1 9 1 2 1 2 1 2 1 6 9
1-736651898 1 1 9 1 2 1 2 1 2 1 6 2 10
1-736651898 1 1 9 1 2 1 2 1 2 1 6 2 1 11
1-736651898 1 1 9 1 2 1 2 1 2 1 6 2 1 2 12
1-736651898 1 1 9 1 2 1 2 1 2 1 6 2 1 2 1 13
1-736651898 1 1 9 1 2 1 2 1 2 1 6 2 1 2 1 2 14
1-736651898 1 1 9 1 2 1 2 1 2 1 6 2 1 2 1 2 1 15
1-736651898 1 1 9 1 2 1 2 1 2 1 6 2 1 2 1 2 1 6 16
1-736651898 1 1 9 1 2 1 2 1 2 1 6 2 1 2 1 2 1 6 6 17
1-736651898 1 1 9 1 2 1 2 1 2 1 6 2 1 2 1 2 1 6 6 3 18
1-736651898 1 1 9 1 2 1 2 1 2 1 6 2 1 2 1 2 1 6 6 3 5 19
1-736688124 1 1 2 1 2 1 4 1 2 1 2 9
1-736688124 1 1 2 1 2 1 4 1 2 1 2 1 10
1-736688124 1 1 2 1 2 1 4 1 2 1 2 1 7 11
1-736688124 1 1 2 1 2 1 4 1 2 1 2 1 7 1 12
1-736688124 1 1 2 1 2 1 4 1 2 1 2 1 7 1 6 13
1-736688124 1 1 2 1 2 1 4 1 2 1 2 1 7 1 6 1 14
1-736688124 1 1 2 1 2 1 4 1 2 1 2 1 7 1 6 1 3 15
1-736688124 1 1 2 1 2 1 4 1 2 1 2 1 7 1 6 1 3 5 16
1-737307671 1 1 2 1 4 1 4 1 2 1 6 9
1-737307671 1 1 2 1 4 1 4 1 2 1 6 1 10
1-737307671 1 1 2 1 4 1 4 1 2 1 6 1 3 11
1-737307671 1 1 2 1 4 1 4 1 2 1 6 1 3 5 12
1-737321297 1 1 2 1 2 1 2 1 2 1 1 9
1-737321297 1 1 2 1 2 1 2 1 2 1 1 6 10
1-737321297 1 1 2 1 2 1 2 1 2 1 1 6 1 11
1-737321297 1 1 2 1 2 1 2 1 2 1 1 6 1 3 12
1-737321297 1 1 2 1 2 1 2 1 2 1 1 6 1 3 5 13
1-737352513 1 1 2 1 4 1 2 1 4 1 3 9
1-737352513 1 1 2 1 4 1 2 1 4 1 3 5 10
1-737379911 2 1 4 1 1 2 1 2 1 3 5 9
1-737380955 1 1 2 1 4 1 2 1 4 1 3 9
1-737380955 1 1 2 1 4 1 2 1 4 1 3 5 10
1-737392861 1 1 2 1 4 1 6 2 1 6 3 9
1-737392861 1 1 2 1 4 1 6 2 1 6 3 5 10
1-738147414 1 1 2 1 4 1 4 1 6 3 5 9
1-738167938 1 1 2 1 2 1 4 1 4 1 6 9
1-738167938 1 1 2 1 2 1 4 1 4 1 6 3 10
1-738167938 1 1 2 1 2 1 4 1 4 1 6 3 5 11
1-738240060 1 1 2 1 4 1 8 1 6 1 6 9
1-738240060 1 1 2 1 4 1 8 1 6 1 6 1 10
1-738240060 1 1 2 1 4 1 8 1 6 1 6 1 4 11
1-738240060 1 1 2 1 4 1 8 1 6 1 6 1 4 1 12
1-738240060 1 1 2 1 4 1 8 1 6 1 6 1 4 1 8 13
1-738240060 1 1 2 1 4 1 8 1 6 1 6 1 4 1 8 1 14
1-738240060 1 1 2 1 4 1 8 1 6 1 6 1 4 1 8 1 3 15
1-738240060 1 1 2 1 4 1 8 1 6 1 6 1 4 1 8 1 3 5 16
1-738318366 1 1 2 1 2 1 6 2 1 6 1 9
1-738318366 1 1 2 1 2 1 6 2 1 6 1 7 10
1-738318366 1 1 2 1 2 1 6 2 1 6 1 7 3 11
1-738318366 1 1 2 1 2 1 6 2 1 6 1 7 3 5 12
1-738367411 2 1 2 1 6 2 1 2 1 3 5 9
1-738496443 1 1 2 1 2 1 2 1 2 1 3 9
1-738496443 1 1 2 1 2 1 2 1 2 1 3 5 10
1-738503291 1 1 2 1 2 1 2 1 2 1 2 9
1-738503291 1 1 2 1 2 1 2 1 2 1 2 1 10
1-738503291 1 1 2 1 2 1 2 1 2 1 2 1 2 11
1-738503291 1 1 2 1 2 1 2 1 2 1 2 1 2 1 12
1-738503291 1 1 2 1 2 1 2 1 2 1 2 1 2 1 3 13
1-738503291 1 1 2 1 2 1 2 1 2 1 2 1 2 1 3 5 14
1-738521931 2 1 2 1 2 1 2 1 6 3 5 9
1-738522111 2 1 10 3 1 2 1 2 1 2 1 9
1-738522111 2 1 10 3 1 2 1 2 1 2 1 2 10
1-738522111 2 1 10 3 1 2 1 2 1 2 1 2 1 11
1-738522111 2 1 10 3 1 2 1 2 1 2 1 2 1 2 12
1-738522111 2 1 10 3 1 2 1 2 1 2 1 2 1 2 1 13
1-738522111 2 1 10 3 1 2 1 2 1 2 1 2 1 2 1 10 14
1-738522111 2 1 10 3 1 2 1 2 1 2 1 2 1 2 1 10 3 15
1-738522111 2 1 10 3 1 2 1 2 1 2 1 2 1 2 1 10 3 5 16
1-738619065 1 1 1 2 1 4 1 8 6 1 6 9
1-738619065 1 1 1 2 1 4 1 8 6 1 6 3 10
1-738619065 1 1 1 2 1 4 1 8 6 1 6 3 5 11
1-738631077 1 1 2 1 6 2 1 8 6 3 5 9
1-738650793 1 1 2 1 8 2 1 2 1 2 1 9
1-738650793 1 1 2 1 8 2 1 2 1 2 1 2 10
1-738650793 1 1 2 1 8 2 1 2 1 2 1 2 1 11
1-738650793 1 1 2 1 8 2 1 2 1 2 1 2 1 6 12
1-738650793 1 1 2 1 8 2 1 2 1 2 1 2 1 6 1 13
1-738650793 1 1 2 1 8 2 1 2 1 2 1 2 1 6 1 3 14
1-738650793 1 1 2 1 8 2 1 2 1 2 1 2 1 6 1 3 5 15
1-738708113 1 1 9 1 2 1 8 2 1 2 1 9
1-738708113 1 1 9 1 2 1 8 2 1 2 1 2 10
1-738708113 1 1 9 1 2 1 8 2 1 2 1 2 1 11
1-738708113 1 1 9 1 2 1 8 2 1 2 1 2 1 6 12
1-738708113 1 1 9 1 2 1 8 2 1 2 1 2 1 6 3 13
1-738708113 1 1 9 1 2 1 8 2 1 2 1 2 1 6 3 5 14
1-738716505 1 1 2 1 11 2 1 4 1 3 5 9
1-738723725 1 1 2 1 4 1 1 6 1 2 1 9
1-738723725 1 1 2 1 4 1 1 6 1 2 1 4 10
1-738723725 1 1 2 1 4 1 1 6 1 2 1 4 1 11
1-738723725 1 1 2 1 4 1 1 6 1 2 1 4 1 6 12
1-738723725 1 1 2 1 4 1 1 6 1 2 1 4 1 6 3 13
1-738723725 1 1 2 1 4 1 1 6 1 2 1 4 1 6 3 5 14
1-738765606 1 1 2 1 8 1 2 1 4 1 3 9
1-738765606 1 1 2 1 8 1 2 1 4 1 3 5 10
1-738779507 1 1 2 1 8 2 1 6 6 3 5 9
1-738817711 1 1 2 1 4 1 7 2 1 6 3 9
1-738817711 1 1 2 1 4 1 7 2 1 6 3 5 10
1-738820427 1 1 6 1 2 1 2 2 1 2 1 9
1-738820427 1 1 6 1 2 1 2 2 1 2 1 3 10
1-738820427 1 1 6 1 2 1 2 2 1 2 1 3 5 11
1-739176875 1 1 2 1 2 1 2 1 2 1 4 9
1-739176875 1 1 2 1 2 1 2 1 2 1 4 1 10
1-739176875 1 1 2 1 2 1 2 1 2 1 4 1 8 11
1-739176875 1 1 2 1 2 1 2 1 2 1 4 1 8 3 12
1-739176875 1 1 2 1 2 1 2 1 2 1 4 1 8 3 5 13
1-739177383 1 1 2 1 4 1 7 2 1 6 3 9
1-739177383 1 1 2 1 4 1 7 2 1 6 3 5 10
1-739188040 1 1 2 1 6 1 2 1 2 1 4 9
1-739188040 1 1 2 1 6 1 2 1 2 1 4 1 10
1-739188040 1 1 2 1 6 1 2 1 2 1 4 1 6 11
1-739188040 1 1 2 1 6 1 2 1 2 1 4 1 6 1 12
1-739188040 1 1 2 1 6 1 2 1 2 1 4 1 6 1 3 13
1-739188040 1 1 2 1 6 1 2 1 2 1 4 1 6 1 3 5 14
1-739197153 1 1 2 1 4 1 6 1 6 8 6 9
1-739197153 1 1 2 1 4 1 6 1 6 8 6 1 10
1-739197153 1 1 2 1 4 1 6 1 6 8 6 1 3 11
1-739197153 1 1 2 1 4 1 6 1 6 8 6 1 3 5 12
1-739197411 1 1 2 1 2 1 4 1 6 2 1 9
1-739197411 1 1 2 1 2 1 4 1 6 2 1 2 10
1-739197411 1 1 2 1 2 1 4 1 6 2 1 2 1 11
1-739197411 1 1 2 1 2 1 4 1 6 2 1 2 1 6 12
1-739197411 1 1 2 1 2 1 4 1 6 2 1 2 1 6 2 13
1-739197411 1 1 2 1 2 1 4 1 6 2 1 2 1 6 2 1 14
1-739197411 1 1 2 1 2 1 4 1 6 2 1 2 1 6 2 1 3 15
1-739197411 1 1 2 1 2 1 4 1 6 2 1 2 1 6 2 1 3 5 16
1-739197764 1 1 2 1 6 1 2 1 6 3 5 9
1-739258646 1 1 2 1 2 1 2 1 2 1 3 9
1-739258646 1 1 2 1 2 1 2 1 2 1 3 5 10
1-739400227 1 1 2 1 2 1 2 1 2 1 8 9
1-739400227 1 1 2 1 2 1 2 1 2 1 8 3 10
1-739400227 1 1 2 1 2 1 2 1 2 1 8 3 5 11
1-739510233 1 1 2 1 4 1 6 1 4 1 6 9
1-739510233 1 1 2 1 4 1 6 1 4 1 6 3 10
1-739510233 1 1 2 1 4 1 6 1 4 1 6 3 5 11
1-739551561 1 1 2 1 4 1 6 1 6 1 3 9
1-739551561 1 1 2 1 4 1 6 1 6 1 3 5 10
1-739716719 1 1 2 1 2 1 8 2 1 1 2 9
1-739716719 1 1 2 1 2 1 8 2 1 1 2 1 10
1-739716719 1 1 2 1 2 1 8 2 1 1 2 1 2 11
1-739716719 1 1 2 1 2 1 8 2 1 1 2 1 2 1 12
1-739716719 1 1 2 1 2 1 8 2 1 1 2 1 2 1 2 13
1-739716719 1 1 2 1 2 1 8 2 1 1 2 1 2 1 2 1 14
1-739716719 1 1 2 1 2 1 8 2 1 1 2 1 2 1 2 1 3 15
1-739716719 1 1 2 1 2 1 8 2 1 1 2 1 2 1 2 1 3 5 16
1-739773642 1 1 2 1 7 1 2 1 2 1 8 9
1-739773642 1 1 2 1 7 1 2 1 2 1 8 3 10
1-739773642 1 1 2 1 7 1 2 1 2 1 8 3 5 11
1-740357297 1 1 3 1 3 1 2 1 4 1 6 9
1-740357297 1 1 3 1 3 1 2 1 4 1 6 1 10
1-740357297 1 1 3 1 3 1 2 1 4 1 6 1 6 11
1-740357297 1 1 3 1 3 1 2 1 4 1 6 1 6 1 12
1-740357297 1 1 3 1 3 1 2 1 4 1 6 1 6 1 6 13
1-740357297 1 1 3 1 3 1 2 1 4 1 6 1 6 1 6 1 14
1-740357297 1 1 3 1 3 1 2 1 4 1 6 1 6 1 6 1 3 15
1-740357297 1 1 3 1 3 1 2 1 4 1 6 1 6 1 6 1 3 5 16
1-740493362 2 1 2 1 2 1 2 1 6 3 5 9
1-740595579 1 1 2 1 2 1 8 4 1 2 1 9
1-740595579 1 1 2 1 2 1 8 4 1 2 1 3 10
1-740595579 1 1 2 1 2 1 8 4 1 2 1 3 5 11
1-740596231 1 1 2 1 8 4 1 7 6 3 5 9
1-740638047 1 1 2 1 2 1 2 1 2 1 3 9
1-740638047 1 1 2 1 2 1 2 1 2 1 3 5 10
1-740683041 2 1 2 1 8 2 1 6 1 3 5 9
1-740684766 1 1 2 1 2 1 2 1 7 2 1 9
1-740684766 1 1 2 1 2 1 2 1 7 2 1 3 10
1-740684766 1 1 2 1 2 1 2 1 7 2 1 3 5 11
1-740695912 1 1 8 2 1 2 6 1 3 2 3 9
1-740723470 1 1 2 1 1 2 1 8 1 2 1 9
1-740723470 1 1 2 1 1 2 1 8 1 2 1 6 10
1-740723470 1 1 2 1 1 2 1 8 1 2 1 6 3 11
1-740723470 1 1 2 1 1 2 1 8 1 2 1 6 3 5 12
1-740749185 1 1 2 1 6 4 1 8 6 1 3 9
1-740749185 1 1 2 1 6 4 1 8 6 1 3 5 10
1-740751204 1 1 3 1 2 1 4 1 6 3 5 9
1-740791340 1 1 9 1 2 1 4 1 2 1 4 9
1-740791340 1 1 9 1 2 1 4 1 2 1 4 1 10
1-740791340 1 1 9 1 2 1 4 1 2 1 4 1 3 11
1-740791340 1 1 9 1 2 1 4 1 2 1 4 1 3 5 12
1-740853009 1 1 1 2 1 8 2 1 4 1 2 9
1-740853009 1 1 1 2 1 8 2 1 4 1 2 1 10
1-740853009 1 1 1 2 1 8 2 1 4 1 2 1 4 11
1-740853009 1 1 1 2 1 8 2 1 4 1 2 1 4 1 12
1-740853009 1 1 1 2 1 8 2 1 4 1 2 1 4 1 2 13
1-740853009 1 1 1 2 1 8 2 1 4 1 2 1 4 1 2 2 14
1-740853009 1 1 1 2 1 8 2 1 4 1 2 1 4 1 2 2 1 15
1-740853009 1 1 1 2 1 8 2 1 4 1 2 1 4 1 2 2 1 3 16
