1-516553982 12 12 0 380
1-516553982 12 12 0 379
1-516553982 12 12 0 379
1-516553982 12 12 0 379
1-516553982 12 12 0 379
1-516553982 25 25 13 366
1-516553982 101 101 76 289
1-516553982 121 121 20 269
1-516553982 382 382 261 7
1-516553982 382 382 0 7
1-516553982 389 389 7 0
1-544976636 223 223 211 58
1-544976636 273 273 50 7
1-544976636 273 273 0 7
1-544976636 280 280 7 0
1-559795575 6 6 0 255
1-559795575 6 6 0 255
1-559795575 6 6 0 255
1-559795575 6 6 0 255
1-559795575 6 6 0 255
1-559795575 6 6 0 255
1-559795575 6 6 0 255
1-559795575 6 6 0 255
1-559795575 6 6 0 255
1-559795575 6 6 0 255
1-559795575 10 10 4 251
1-559795575 13 13 3 247
1-559795575 92 92 79 167
1-559795575 252 252 160 7
1-559795575 252 252 0 7
1-559795575 259 259 7 0
1-587101946 211 211 0 0
1-587101946 211 211 0 0
1-587101946 211 211 0 0
1-609835209 117 117 117 57
1-609835209 166 166 49 7
1-609835209 166 166 0 7
1-609835209 173 173 7 0
1-636928149 72 72 0 49
1-636928149 114 114 42 7
1-636928149 114 114 0 7
1-636928149 121 121 7 0
1-638945511 115 115 7 0
1-651196130 104 104 0 0
1-651196130 104 104 0 0
1-652947231 100 100 7 0
1-687329729 79 79 25 0
1-687329729 79 79 0 0
1-687638428 79 79 0 0
1-687638428 79 79 0 0
1-688696731 75 75 7 0
1-692009261 67 67 62 7
1-692009261 74 74 7 0
1-694796871 56 56 0 0
1-695872361 55 55 0 7
1-695872361 55 55 0 7
1-695872361 62 62 7 0
1-696101645 51 51 0 0
1-696101645 51 51 0 0
1-696861441 28 28 0 32
1-696861441 28 28 0 31
1-696861441 32 32 4 26
1-696861441 51 51 19 7
1-696861441 58 58 7 0
1-698400941 2 2 0 57
1-698400941 2 2 0 57
1-698400941 2 2 0 57
1-698400941 2 2 0 57
1-698400941 2 2 0 56
1-698400941 51 51 49 7
1-698400941 58 58 7 0
1-699719677 41 41 14 7
1-699719677 48 48 7 0
1-700466198 6 6 0 34
1-700466198 23 23 17 16
1-700466198 23 23 0 15
1-700466198 23 23 0 15
1-700466198 23 23 0 15
1-700466198 37 37 14 0
1-700466198 37 37 0 0
1-700466198 37 37 0 0
1-703368981 5 5 0 49
1-703368981 20 20 15 33
1-703368981 20 20 0 33
1-703368981 46 46 26 7
1-703368981 46 46 0 7
1-703368981 46 46 0 7
1-703368981 53 53 7 0
1-703999194 42 42 0 0
1-707807221 1 1 0 37
1-707807221 5 5 4 32
1-707807221 12 12 7 25
1-707807221 12 12 0 25
1-707807221 12 12 0 24
1-707807221 12 12 0 24
1-707807221 12 12 0 24
1-707807221 12 12 0 24
1-707807221 12 12 0 24
1-707807221 27 27 15 9
1-707807221 27 27 0 9
1-707807221 27 27 0 8
1-707807221 28 28 1 7
1-707807221 35 35 7 0
1-709758563 17 17 0 6
1-709758563 18 18 1 5
1-709758563 18 18 0 5
1-709758563 23 23 5 0
1-709758563 23 23 0 0
1-715819222 5 5 0 17
1-715819222 12 12 7 9
1-715819222 12 12 0 9
1-715819222 12 12 0 8
1-715819222 12 12 0 8
1-715819222 19 19 7 0
1-715819222 19 19 0 0
1-716530349 9 9 0 10
1-716530349 9 9 0 10
1-716530349 18 18 9 0
1-716530349 18 18 0 0
1-718162127 11 11 7 12
1-718162127 11 11 0 12
1-718162127 15 15 4 7
1-718162127 15 15 0 7
1-718162127 22 22 7 0
1-718977997 21 21 7 0
1-719171221 23 23 7 0
1-719417071 7 7 2 13
1-719417071 7 7 0 13
1-719417071 20 20 13 0
1-719417071 20 20 0 0
1-719604235 13 13 0 0
1-720120744 25 25 0 7
1-720120744 25 25 0 7
1-720120744 25 25 0 7
1-720120744 25 25 0 7
1-720120744 32 32 7 0
1-720206203 14 14 9 0
1-720206203 14 14 0 0
1-720206203 14 14 0 0
1-720444903 7 7 0 18
1-720444903 7 7 0 18
1-720444903 7 7 0 18
1-720444903 8 8 1 17
1-720444903 8 8 0 17
1-720444903 8 8 0 16
1-720444903 8 8 0 16
1-720444903 16 16 8 8
1-720444903 17 17 1 7
1-720444903 24 24 7 0
1-722180065 23 23 9 7
1-722180065 30 30 7 0
1-722563671 23 23 10 7
1-722563671 23 23 0 7
1-722563671 30 30 7 0
1-722676834 16 16 0 1
1-722676834 16 16 0 0
1-722676834 16 16 0 0
1-724993372 18 18 0 0
1-726667991 4 4 0 15
1-726667991 4 4 0 15
1-726667991 4 4 0 15
1-726667991 12 12 8 7
1-726667991 19 19 7 0
1-728479661 4 4 0 11
1-728479661 4 4 0 11
1-728479661 10 10 6 5
1-728479661 15 15 5 0
1-728479661 15 15 0 0
1-728479661 15 15 0 0
1-728479661 15 15 0 0
1-728479661 15 15 0 0
1-728479661 15 15 0 0
1-728479661 15 15 0 0
1-728728162 8 8 6 3
1-728728162 8 8 0 3
1-728728162 8 8 0 3
1-728728162 11 11 3 0
1-728728162 11 11 0 0
1-729082701 0 0 0 15
1-729082701 0 0 0 15
1-729082701 15 15 15 0
1-729082701 15 15 0 0
1-729278754 1 1 0 14
1-729278754 14 14 13 0
1-729278754 14 14 0 0
1-729278754 14 14 0 0
1-729347720 12 12 0 7
1-729347720 19 19 7 0
1-729351021 0 0 0 17
1-729351021 0 0 0 17
1-729351021 0 0 0 17
1-729351021 0 0 0 17
1-729351021 17 17 17 0
1-729351021 17 17 0 0
1-729351752 0 0 0 28
1-729351752 0 0 0 28
1-729351752 0 0 0 28
1-729351752 20 20 20 7
1-729351752 27 27 7 0
1-729351761 1 1 0 15
1-729351761 1 1 0 15
1-729351761 15 15 14 0
1-729351761 15 15 0 0
1-729351761 15 15 0 0
1-729441801 15 15 13 0
1-729441801 15 15 0 0
1-729463071 14 14 7 0
1-729463281 15 15 7 0
1-729527202 9 9 0 7
1-729527202 16 16 7 0
1-729748001 2 2 2 14
1-729748001 8 8 6 8
1-729748001 9 9 1 7
1-729748001 16 16 7 0
1-729753991 11 11 4 14
1-729753991 11 11 0 14
1-729753991 18 18 7 7
1-729753991 18 18 0 7
1-729753991 25 25 7 0
1-729769620 13 13 0 0
1-729769620 13 13 0 0
1-729794376 9 9 0 0
1-729802209 16 16 7 0
1-729820704 0 0 0 15
1-729820704 0 0 0 15
1-729820704 7 7 7 7
1-729820704 14 14 7 0
1-729896421 0 0 0 20
1-729896421 13 13 13 7
1-729896421 20 20 7 0
1-730077100 0 0 0 12
1-730077100 11 11 11 0
1-730077100 11 11 0 0
1-730177483 15 15 0 13
1-730177483 20 20 5 7
1-730177483 20 20 0 7
1-730177483 27 27 7 0
1-730664821 11 11 9 2
1-730664821 11 11 0 2
1-730664821 12 12 1 0
1-730664821 12 12 0 0
1-730664821 12 12 0 0
1-730664821 12 12 0 0
1-730664821 12 12 0 0
1-730784738 6 6 1 0
1-730784738 6 6 0 0
1-730784738 6 6 0 0
1-730919669 14 14 0 0
1-730919669 14 14 0 0
1-730919669 14 14 0 0
1-731123267 13 13 7 0
1-731792134 0 0 0 8
1-731792134 0 0 0 8
1-731792134 0 0 0 8
1-731792134 0 0 0 8
1-731792134 0 0 0 8
1-731792134 2 2 2 5
1-731792134 6 6 4 0
1-731792134 6 6 0 0
1-731792134 6 6 0 0
1-731869752 10 10 2 7
1-731869752 17 17 7 0
1-731925995 8 8 8 18
1-731925995 11 11 3 15
1-731925995 18 18 7 7
1-731925995 18 18 0 7
1-731925995 25 25 7 0
1-731965990 0 0 0 14
1-731965990 6 6 6 7
1-731965990 13 13 7 0
1-732027653 11 11 0 14
1-732027653 11 11 0 14
1-732027653 17 17 6 7
1-732027653 17 17 0 7
1-732027653 24 24 7 0
1-732161757 0 0 0 14
1-732161757 7 7 7 7
1-732161757 14 14 7 0
1-732240803 0 0 0 13
1-732240803 0 0 0 13
1-732240803 0 0 0 13
1-732240803 6 6 6 7
1-732240803 13 13 7 0
1-732361418 0 0 0 6
1-732361418 0 0 0 6
1-732361418 3 3 3 2
1-732361418 3 3 0 2
1-732361418 3 3 0 2
1-732361418 3 3 0 2
1-732361418 4 4 1 0
1-732361418 4 4 0 0
1-732525291 5 5 0 7
1-732525291 12 12 7 0
1-732883071 6 6 0 7
1-732883071 13 13 7 0
1-732895470 2 2 2 12
1-732895470 6 6 4 7
1-732895470 6 6 0 7
1-732895470 13 13 7 0
1-733073481 16 16 0 0
1-733073481 16 16 0 0
1-733158183 14 14 7 0
1-733177423 1 1 0 5
1-733177423 1 1 0 5
1-733177423 1 1 0 5
1-733177423 1 1 0 5
1-733177423 1 1 0 5
1-733177423 5 5 4 0
1-733177423 5 5 0 0
1-733177423 5 5 0 0
1-733177423 5 5 0 0
1-733177423 5 5 0 0
1-733177423 5 5 0 0
1-733177423 5 5 0 0
1-733177423 5 5 0 0
1-733177423 5 5 0 0
1-733405424 4 4 0 13
1-733405424 6 6 2 10
1-733405424 6 6 0 10
1-733405424 6 6 0 10
1-733405424 9 9 3 7
1-733405424 16 16 7 0
1-733485346 4 4 0 0
1-733485346 4 4 0 0
1-734673331 5 5 0 7
1-734673331 5 5 0 7
1-734673331 12 12 7 0
1-734812591 10 10 0 5
1-734812591 10 10 0 5
1-734812591 15 15 5 0
1-734812591 15 15 0 0
1-734812751 8 8 0 0
1-734812831 11 11 7 0
1-734836356 12 12 7 0
1-734863171 13 13 3 7
1-734863171 20 20 7 0
1-734911386 0 0 0 5
1-734911386 0 0 0 5
1-734911386 0 0 0 5
1-734911386 0 0 0 4
1-734911386 0 0 0 4
1-734911386 4 4 4 0
1-734911386 4 4 0 0
1-734911386 4 4 0 0
1-734911386 4 4 0 0
1-734916461 9 9 4 7
1-734916461 16 16 7 0
1-734941798 9 9 5 1
1-734941798 9 9 0 0
1-734941798 9 9 0 0
1-734941798 9 9 0 0
1-734969939 3 3 1 0
1-734969939 3 3 0 0
1-735078091 8 8 7 0
1-735117242 3 3 0 7
1-735117242 10 10 7 0
1-735171475 9 9 0 0
1-735171475 9 9 0 0
1-735180913 15 15 7 0
1-735224038 3 3 0 0
1-735224038 3 3 0 0
1-735224038 3 3 0 0
1-735918621 2 2 0 1
1-735918621 2 2 0 0
1-735918621 2 2 0 0
1-735918621 2 2 0 0
1-735918621 2 2 0 0
1-735918621 2 2 0 0
1-736380358 3 3 0 0
1-736474965 2 2 0 7
1-736474965 2 2 0 7
1-736474965 9 9 7 0
1-736488559 1 1 0 0
1-736496737 1 1 0 7
1-736496737 8 8 7 0
1-736541381 2 2 0 7
1-736541381 9 9 7 0
1-736567223 1 1 0 0
1-736567223 1 1 0 0
1-736567223 1 1 0 0
1-736611878 8 8 7 0
1-736651898 1 1 0 4
1-736651898 1 1 0 4
1-736651898 1 1 0 4
1-736651898 1 1 0 4
1-736651898 1 1 0 3
1-736651898 1 1 0 3
1-736651898 1 1 0 3
1-736651898 1 1 0 3
1-736651898 3 3 2 0
1-736651898 3 3 0 0
1-736651898 3 3 0 0
1-736688124 2 2 0 5
1-736688124 5 5 3 1
1-736688124 5 5 0 1
1-736688124 5 5 0 0
1-736688124 5 5 0 0
1-736688124 5 5 0 0
1-736688124 5 5 0 0
1-736688124 5 5 0 0
1-737307671 0 0 0 8
1-737307671 1 1 1 7
1-737307671 1 1 0 7
1-737307671 8 8 7 0
1-737321297 12 12 2 1
1-737321297 12 12 0 1
1-737321297 12 12 0 0
1-737321297 12 12 0 0
1-737321297 12 12 0 0
1-737352513 0 0 0 0
1-737352513 0 0 0 0
1-737379911 0 0 0 0
1-737380955 0 0 0 0
1-737380955 0 0 0 0
1-737392861 0 0 0 7
1-737392861 7 7 7 0
1-738147414 19 19 7 0
1-738167938 0 0 0 7
1-738167938 0 0 0 7
1-738167938 7 7 7 0
1-738240060 0 0 0 7
1-738240060 0 0 0 7
1-738240060 0 0 0 7
1-738240060 0 0 0 7
1-738240060 0 0 0 7
1-738240060 0 0 0 7
1-738240060 0 0 0 7
1-738240060 7 7 7 0
1-738318366 0 0 0 7
1-738318366 0 0 0 7
1-738318366 0 0 0 7
1-738318366 7 7 7 0
1-738367411 1 1 0 0
1-738496443 0 0 0 7
1-738496443 7 7 7 0
1-738503291 4 4 0 8
1-738503291 4 4 0 8
1-738503291 4 4 0 8
1-738503291 4 4 0 7
1-738503291 4 4 0 7
1-738503291 11 11 7 0
1-738521931 11 11 7 0
1-738522111 4 4 0 7
1-738522111 4 4 0 7
1-738522111 4 4 0 7
1-738522111 4 4 0 7
1-738522111 4 4 0 7
1-738522111 4 4 0 7
1-738522111 4 4 0 7
1-738522111 11 11 7 0
1-738619065 0 0 0 0
1-738619065 0 0 0 0
1-738619065 0 0 0 0
1-738631077 17 17 7 0
1-738650793 0 0 0 12
1-738650793 0 0 0 12
1-738650793 4 4 4 7
1-738650793 4 4 0 7
1-738650793 4 4 0 7
1-738650793 4 4 0 7
1-738650793 11 11 7 0
1-738708113 0 0 0 1
1-738708113 0 0 0 1
1-738708113 0 0 0 1
1-738708113 0 0 0 1
1-738708113 1 1 1 0
1-738708113 1 1 0 0
1-738716505 0 0 0 0
1-738723725 0 0 0 4
1-738723725 0 0 0 4
1-738723725 0 0 0 4
1-738723725 0 0 0 4
1-738723725 4 4 4 0
1-738723725 4 4 0 0
1-738765606 0 0 0 7
1-738765606 7 7 7 0
1-738779507 3 3 0 0
1-738817711 4 4 4 7
1-738817711 11 11 7 0
1-738820427 4 4 3 7
1-738820427 4 4 0 7
1-738820427 11 11 7 0
1-739176875 2 2 0 0
1-739176875 2 2 0 0
1-739176875 2 2 0 0
1-739176875 2 2 0 0
1-739176875 2 2 0 0
1-739177383 0 0 0 7
1-739177383 7 7 7 0
1-739188040 4 4 0 4
1-739188040 4 4 0 3
1-739188040 4 4 0 3
1-739188040 7 7 3 0
1-739188040 7 7 0 0
1-739188040 7 7 0 0
1-739197153 5 5 0 7
1-739197153 12 12 7 0
1-739197153 12 12 0 0
1-739197153 12 12 0 0
1-739197411 0 0 0 11
1-739197411 0 0 0 11
1-739197411 0 0 0 11
1-739197411 0 0 0 11
1-739197411 0 0 0 10
1-739197411 0 0 0 10
1-739197411 2 2 2 7
1-739197411 9 9 7 0
1-739197764 7 7 7 0
1-739258646 0 0 0 0
1-739258646 0 0 0 0
1-739400227 0 0 0 0
1-739400227 0 0 0 0
1-739400227 0 0 0 0
1-739510233 3 3 0 7
1-739510233 3 3 0 7
1-739510233 10 10 7 0
1-739551561 2 2 0 7
1-739551561 9 9 7 0
1-739716719 0 0 0 7
1-739716719 0 0 0 7
1-739716719 0 0 0 7
1-739716719 0 0 0 7
1-739716719 0 0 0 7
1-739716719 0 0 0 7
1-739716719 0 0 0 7
1-739716719 7 7 7 0
1-739773642 2 2 0 7
1-739773642 2 2 0 7
1-739773642 9 9 7 0
1-740357297 0 0 0 10
1-740357297 0 0 0 10
1-740357297 0 0 0 10
1-740357297 2 2 2 7
1-740357297 2 2 0 7
1-740357297 2 2 0 7
1-740357297 2 2 0 7
1-740357297 9 9 7 0
1-740493362 0 0 0 0
1-740595579 2 2 0 7
1-740595579 2 2 0 7
1-740595579 9 9 7 0
1-740596231 9 9 0 0
1-740638047 2 2 0 7
1-740638047 9 9 7 0
1-740683041 3 3 0 0
1-740684766 3 3 0 0
1-740684766 3 3 0 0
1-740684766 3 3 0 0
1-740695912 7 7 0 0
1-740723470 2 2 0 1
1-740723470 2 2 0 1
1-740723470 3 3 1 0
1-740723470 3 3 0 0
1-740749185 2 2 0 0
1-740749185 2 2 0 0
1-740751204 16 16 7 0
1-740791340 2 2 0 1
1-740791340 3 3 1 0
1-740791340 3 3 0 0
1-740791340 3 3 0 0
1-740853009 0 0 0 3
1-740853009 2 2 2 0
1-740853009 2 2 0 0
1-740853009 2 2 0 0
1-740853009 2 2 0 0
1-740853009 2 2 0 0
1-740853009 2 2 0 0
1-740853009 2 2 0 0
