GD 484 24 484 24
MF 326 19 326 2
MH 259 5 259 5
AI 100 0 100 0
AI 100 0 100 0
AI 104 4 104 4
DI 296 61 296 61
DI 306 72 306 10
DI 306 10 306 0
DI 306 0 306 0
DI 312 6 312 6
SK 186 20 186 20
FN 444 1 444 1
JN 195 0 195 0
JN 198 3 198 3
EQ 122 0 122 0
EQ 122 0 122 0
EQ 173 51 173 51
EQ 173 51 173 0
EQ 173 0 173 0
EQ 173 0 173 0
EQ 189 16 189 16
EQ 189 16 189 0
EQ 190 1 190 1
EQ 190 1 190 0
EQ 190 0 190 0
EQ 190 0 190 0
EQ 194 4 194 4
FQ 486 51 486 32
PT 371 0 371 0
PT 393 22 393 22
RV 122 0 122 0
RV 198 76 198 76
RV 280 159 280 82
PW 124 0 124 0
PW 124 0 124 0
PW 168 44 168 44
VY 392 4 392 4
TBA 140 0 140 0
BCA 276 67 276 66
BCA 320 110 320 44
YCA 258 2 258 2
KIA 187 57 187 3
QPA 186 0 186 0
QPA 186 0 186 0
QPA 186 0 186 0
QPA 191 5 191 5
PQA 178 0 178 0
PQA 184 6 184 6
URA 188 0 188 0
URA 192 4 192 4
PBB 878 4 878 0
PBB 878 0 878 0
PBB 878 0 878 0
PBB 895 17 895 17
GCB 424 248 424 0
GCB 424 0 424 0
GCB 424 0 424 0
GCB 424 0 424 0
GCB 424 0 424 0
GCB 728 304 728 304
GCB 728 304 728 0
GCB 728 0 728 0
GCB 728 0 728 0
GCB 732 4 732 4
RDB 413 19 413 19
RDB 414 20 414 1
RDB 414 1 414 0
RDB 789 375 789 375
FEB 51 0 51 0
FEB 174 123 174 123
RJB 115 0 115 0
RJB 115 0 115 0
RJB 174 59 174 59
ZJB 174 20 174 4
GMB 175 86 175 81
GMB 175 81 175 0
EOB 171 78 171 0
TRB 298 13 298 13
DVB 273 0 273 0
DVB 440 167 440 167
DVB 440 167 440 0
DVB 440 0 440 0
DVB 440 0 440 0
DVB 440 0 440 0
WBC 243 0 243 0
WBC 309 66 309 66
WHC 102 1 102 1
WHC 156 55 156 54
WHC 156 54 156 0
EMC 59 0 59 0
EMC 59 0 59 0
EMC 166 107 166 107
EMC 261 203 261 95
RMC 168 20 168 20
VMC 81 35 81 0
VMC 104 23 104 23
VMC 104 24 104 0
VMC 104 0 104 0
VMC 104 0 104 0
VMC 104 0 104 0
VMC 104 0 104 0
VMC 104 0 104 0
VMC 165 61 165 61
TPC 265 118 265 0
TPC 265 0 265 0
PUC 167 5 167 5
PUC 167 5 167 0
RUC 163 20 163 20
SUC 143 5 143 1
SUC 143 1 143 0
SUC 166 23 166 23
SUC 166 23 166 0
XUC 168 1 168 0
XUC 170 2 170 2
XUC 170 2 170 0
XUC 171 1 171 1
XUC 171 1 171 0
XUC 172 1 172 1
XUC 172 1 172 0
XUC 172 0 172 0
XUC 172 0 172 0
XUC 304 132 304 132
XUC 304 132 304 0
XUC 451 147 451 147
XUC 451 147 451 0
XUC 451 0 451 0
XUC 451 0 451 0
XUC 451 0 451 0
XUC 451 0 451 0
XUC 451 0 451 0
XUC 451 0 451 0
XUC 456 5 456 5
XUC 456 5 456 0
RVC 293 0 293 0
RVC 293 0 293 0
RVC 293 0 293 0
RVC 297 4 297 4
QBD 103 0 103 0
QBD 107 4 107 4
KOD 329 159 329 125
KOD 367 163 367 38
KOD 367 38 367 0
KOD 368 1 368 1
CUD 227 70 227 11
CUD 252 37 252 25
PBE 149 56 149 54
PBE 149 54 149 0
PBE 149 0 149 0
PBE 149 0 149 0
UBE 547 10 547 10
LFE 95 0 95 0
LFE 95 0 95 0
LFE 167 72 167 72
LIE 291 43 291 42
QIE 157 101 157 101
QIE 157 101 157 0
RIE 233 53 233 53
WLE 635 3 635 3
IRE 354 106 354 106
MUE 155 112 155 106
MUE 155 106 155 0
MUE 204 49 204 49
MUE 204 49 204 0
MUE 209 5 209 5
MUE 209 5 209 0
OUE 126 0 126 0
OUE 126 0 126 0
HVE 162 0 162 0
HVE 166 4 166 4
UGF 286 0 286 0
UGF 286 0 286 0
UGF 286 0 286 0
UGF 290 4 290 4
CHF 150 63 150 57
CHF 150 57 150 0
OLF 339 255 339 202
OLF 339 203 339 0
OLF 344 6 344 5
OLF 363 25 363 19
SQF 846 21 846 21
SQF 849 24 849 3
SQF 850 4 850 1
SQF 852 3 852 2
URF 87 0 87 0
URF 87 0 87 0
URF 146 59 146 59
THG 143 20 143 20
XKG 63 0 63 0
XKG 71 8 71 8
RLG 140 40 140 40
AYG 116 0 116 0
AYG 280 164 280 164
AYG 296 181 296 16
AYG 296 16 296 0
AYG 296 0 296 0
MAH 357 24 357 24
BBH 149 12 149 12
BBH 149 12 149 0
BBH 149 0 149 0
BBH 149 0 149 0
BBH 152 3 152 3
QBH 543 3 543 3
GDH 283 0 283 0
GDH 283 0 283 0
IEH 299 26 299 26
MEH 279 10 279 10
IGH 0 0 0 0
IGH 0 0 0 0
IGH 0 0 0 0
IGH 0 0 0 0
IGH 0 0 0 0
IGH 0 0 0 0
IGH 0 0 0 0
IGH 0 0 0 0
IGH 0 0 0 0
IGH 351 351 351 351
IGH 351 351 351 0
IGH 352 2 352 1
IGH 355 5 355 3
VGH 0 0 0 0
VGH 0 0 0 0
VGH 0 0 0 0
VGH 0 0 0 0
VGH 0 0 0 0
VGH 0 0 0 0
VGH 0 0 0 0
VGH 0 0 0 0
VGH 0 0 0 0
VGH 0 0 0 0
VGH 0 0 0 0
VGH 0 0 0 0
VGH 0 0 0 0
VGH 0 0 0 0
VGH 0 0 0 0
VGH 0 0 0 0
VGH 0 0 0 0
VGH 0 0 0 0
VGH 0 0 0 0
VGH 0 0 0 0
VGH 0 0 0 0
VGH 0 0 0 0
VGH 0 0 0 0
VGH 0 0 0 0
VGH 0 0 0 0
VGH 0 0 0 0
VGH 0 0 0 0
VGH 0 0 0 0
VGH 0 0 0 0
VGH 0 0 0 0
VGH 0 0 0 0
VGH 0 0 0 0
VGH 0 0 0 0
VGH 0 0 0 0
VGH 0 0 0 0
VGH 0 0 0 0
VGH 1 1 1 1
LHH 0 0 0 0
LHH 0 0 0 0
LHH 0 0 0 0
LHH 0 0 0 0
LHH 0 0 0 0
LHH 0 0 0 0
LHH 0 0 0 0
LHH 0 0 0 0
LHH 0 0 0 0
LHH 4 4 4 4
EKH 105 1 105 0
EKH 134 30 134 29
WKH 71 0 71 0
WKH 71 0 71 0
WKH 71 0 71 0
WKH 71 0 71 0
WKH 114 43 114 43
WKH 185 114 185 71
WKH 187 73 187 2
WKH 187 3 187 0
WKH 187 0 187 0
WKH 187 0 187 0
WKH 187 0 187 0
WKH 199 12 199 12
WKH 225 39 225 26
APH 0 0 0 0
APH 0 0 0 0
APH 0 0 0 0
APH 0 0 0 0
APH 0 0 0 0
APH 0 0 0 0
APH 0 0 0 0
APH 0 0 0 0
APH 0 0 0 0
APH 0 0 0 0
APH 0 0 0 0
APH 0 0 0 0
APH 0 0 0 0
APH 0 0 0 0
APH 0 0 0 0
APH 0 0 0 0
APH 0 0 0 0
APH 0 0 0 0
APH 0 0 0 0
APH 0 0 0 0
APH 0 0 0 0
APH 0 0 0 0
APH 0 0 0 0
APH 0 0 0 0
APH 0 0 0 0
APH 0 0 0 0
APH 0 0 0 0
APH 0 0 0 0
APH 0 0 0 0
APH 0 0 0 0
APH 0 0 0 0
APH 0 0 0 0
APH 0 0 0 0
APH 0 0 0 0
APH 0 0 0 0
APH 0 0 0 0
APH 0 0 0 0
APH 0 0 0 0
APH 0 0 0 0
APH 0 0 0 0
APH 0 0 0 0
APH 0 0 0 0
APH 0 0 0 0
APH 0 0 0 0
APH 0 0 0 0
APH 0 0 0 0
APH 0 0 0 0
APH 0 0 0 0
APH 0 0 0 0
APH 0 0 0 0
APH 0 0 0 0
APH 0 0 0 0
APH 0 0 0 0
APH 0 0 0 0
APH 0 0 0 0
APH 0 0 0 0
APH 0 0 0 0
APH 0 0 0 0
APH 0 0 0 0
APH 0 0 0 0
APH 0 0 0 0
APH 0 0 0 0
APH 0 0 0 0
APH 0 0 0 0
APH 0 0 0 0
APH 0 0 0 0
APH 0 0 0 0
APH 0 0 0 0
APH 0 0 0 0
APH 0 0 0 0
APH 0 0 0 0
APH 0 0 0 0
APH 0 0 0 0
APH 0 0 0 0
APH 0 0 0 0
APH 0 0 0 0
APH 0 0 0 0
APH 0 0 0 0
APH 0 0 0 0
APH 0 0 0 0
APH 0 0 0 0
APH 0 0 0 0
APH 0 0 0 0
APH 0 0 0 0
APH 0 0 0 0
APH 0 0 0 0
APH 0 0 0 0
APH 0 0 0 0
APH 0 0 0 0
APH 0 0 0 0
APH 0 0 0 0
APH 0 0 0 0
APH 0 0 0 0
APH 0 0 0 0
APH 0 0 0 0
APH 0 0 0 0
APH 0 0 0 0
APH 0 0 0 0
APH 0 0 0 0
APH 0 0 0 0
APH 0 0 0 0
APH 0 0 0 0
APH 0 0 0 0
APH 0 0 0 0
APH 0 0 0 0
APH 0 0 0 0
APH 0 0 0 0
APH 0 0 0 0
APH 0 0 0 0
APH 0 0 0 0
APH 0 0 0 0
APH 0 0 0 0
APH 0 0 0 0
APH 0 0 0 0
APH 0 0 0 0
APH 0 0 0 0
APH 0 0 0 0
APH 0 0 0 0
APH 0 0 0 0
APH 0 0 0 0
APH 0 0 0 0
APH 0 0 0 0
APH 0 0 0 0
APH 0 0 0 0
APH 0 0 0 0
APH 0 0 0 0
APH 0 0 0 0
APH 0 0 0 0
APH 0 0 0 0
APH 0 0 0 0
APH 0 0 0 0
APH 0 0 0 0
APH 0 0 0 0
APH 0 0 0 0
APH 0 0 0 0
APH 0 0 0 0
APH 0 0 0 0
APH 0 0 0 0
APH 0 0 0 0
APH 0 0 0 0
APH 0 0 0 0
APH 0 0 0 0
APH 0 0 0 0
APH 0 0 0 0
APH 0 0 0 0
APH 0 0 0 0
APH 0 0 0 0
APH 0 0 0 0
APH 0 0 0 0
APH 0 0 0 0
APH 0 0 0 0
APH 0 0 0 0
APH 0 0 0 0
APH 0 0 0 0
APH 0 0 0 0
APH 0 0 0 0
APH 0 0 0 0
APH 0 0 0 0
APH 0 0 0 0
APH 0 0 0 0
APH 0 0 0 0
APH 0 0 0 0
APH 0 0 0 0
APH 36 36 36 36
BPH 0 0 0 0
BPH 0 0 0 0
BPH 0 0 0 0
BPH 0 0 0 0
BPH 0 0 0 0
BPH 0 0 0 0
BPH 0 0 0 0
BPH 0 0 0 0
BPH 0 0 0 0
BPH 0 0 0 0
BPH 0 0 0 0
BPH 0 0 0 0
BPH 0 0 0 0
BPH 0 0 0 0
BPH 0 0 0 0
BPH 0 0 0 0
BPH 0 0 0 0
BPH 0 0 0 0
BPH 0 0 0 0
BPH 0 0 0 0
BPH 0 0 0 0
BPH 0 0 0 0
BPH 0 0 0 0
BPH 0 0 0 0
BPH 0 0 0 0
BPH 0 0 0 0
BPH 0 0 0 0
BPH 0 0 0 0
BPH 0 0 0 0
BPH 0 0 0 0
BPH 0 0 0 0
BPH 0 0 0 0
BPH 0 0 0 0
BPH 0 0 0 0
BPH 0 0 0 0
BPH 0 0 0 0
BPH 0 0 0 0
BPH 0 0 0 0
BPH 0 0 0 0
BPH 0 0 0 0
GQH 294 3 294 3
KQH 232 4 232 4
NQH 228 4 228 1
NQH 228 1 228 0
NQH 228 0 228 0
NQH 228 0 228 0
NQH 228 0 228 0
NQH 228 0 228 0
NQH 233 5 233 5
GSH 464 41 464 41
ATH 0 0 0 0
ATH 0 0 0 0
ATH 0 0 0 0
ATH 0 0 0 0
ATH 0 0 0 0
ATH 0 0 0 0
ATH 22 22 22 22
BTH 0 0 0 0
BTH 0 0 0 0
BTH 0 0 0 0
BTH 0 0 0 0
BTH 0 0 0 0
BTH 0 0 0 0
BTH 0 0 0 0
BTH 0 0 0 0
BTH 0 0 0 0
BTH 0 0 0 0
BTH 0 0 0 0
BTH 0 0 0 0
BTH 0 0 0 0
BTH 0 0 0 0
BTH 0 0 0 0
BTH 0 0 0 0
BTH 0 0 0 0
BTH 0 0 0 0
BTH 0 0 0 0
BTH 20 20 20 20
FYH 0 0 0 0
FYH 0 0 0 0
FYH 0 0 0 0
FYH 0 0 0 0
GLI 940 493 940 323
YMI 48 6 48 0
YMI 48 0 48 0
BRI 129 59 129 59
QCJ 173 24 173 0
QCJ 173 0 173 0
QCJ 180 7 180 7
LFJ 0 0 0 0
LFJ 0 0 0 0
LFJ 0 0 0 0
LFJ 0 0 0 0
LFJ 0 0 0 0
LFJ 0 0 0 0
LFJ 63 63 63 63
LFJ 63 63 63 0
LFJ 68 6 68 5
LFJ 126 64 126 58
TIJ 263 175 263 171
TIJ 263 171 263 0
LJJ 63 54 63 54
LJJ 63 54 63 0
LJJ 63 0 63 0
LJJ 63 0 63 0
LJJ 136 73 136 73
ELJ 0 0 0 0
ELJ 0 0 0 0
ELJ 0 0 0 0
ELJ 0 0 0 0
ELJ 87 87 87 87
PNJ 82 8 82 1
PNJ 261 181 261 179
PNJ 277 196 277 16
PNJ 277 16 277 0
PNJ 280 3 280 3
KRJ 327 266 327 163
KRJ 329 166 329 2
KRJ 366 40 366 37
KRJ 387 58 387 21
KRJ 387 21 387 0
TUJ 451 5 451 4
GVJ 132 0 132 0
GVJ 237 105 237 105
GVJ 237 105 237 0
GVJ 237 0 237 0
GVJ 237 0 237 0
GVJ 241 4 241 4
NCK 247 31 247 0
NCK 247 0 247 0
NCK 247 0 247 0
NCK 248 1 248 1
NCK 248 1 248 0
NCK 252 4 252 4
WFK 113 86 113 86
WFK 143 116 143 30
WFK 305 192 305 162
WFK 307 164 307 2
GGK 193 8 193 2
YHK 192 8 192 2
WIK 0 0 0 0
WIK 0 0 0 0
WIK 0 0 0 0
WIK 0 0 0 0
WIK 0 0 0 0
WIK 0 0 0 0
WIK 0 0 0 0
WIK 0 0 0 0
WIK 0 0 0 0
WIK 0 0 0 0
WIK 0 0 0 0
WIK 0 0 0 0
WIK 0 0 0 0
WIK 0 0 0 0
WIK 0 0 0 0
WIK 0 0 0 0
WIK 0 0 0 0
WIK 0 0 0 0
WIK 0 0 0 0
WIK 0 0 0 0
WIK 0 0 0 0
WIK 0 0 0 0
WIK 0 0 0 0
WIK 0 0 0 0
WIK 0 0 0 0
WIK 0 0 0 0
WIK 0 0 0 0
WIK 0 0 0 0
WIK 0 0 0 0
WIK 0 0 0 0
WIK 0 0 0 0
WIK 0 0 0 0
WIK 0 0 0 0
WIK 0 0 0 0
WIK 0 0 0 0
WIK 0 0 0 0
WIK 0 0 0 0
WIK 0 0 0 0
WIK 0 0 0 0
WIK 0 0 0 0
WIK 0 0 0 0
WIK 0 0 0 0
WIK 0 0 0 0
WIK 0 0 0 0
WIK 0 0 0 0
WIK 0 0 0 0
WIK 0 0 0 0
WIK 0 0 0 0
WIK 0 0 0 0
WIK 0 0 0 0
WIK 0 0 0 0
WIK 0 0 0 0
WIK 0 0 0 0
WIK 0 0 0 0
WIK 0 0 0 0
WIK 0 0 0 0
WIK 0 0 0 0
WIK 0 0 0 0
WIK 0 0 0 0
WIK 0 0 0 0
WIK 0 0 0 0
WIK 0 0 0 0
WIK 0 0 0 0
WIK 0 0 0 0
WIK 0 0 0 0
WIK 0 0 0 0
WIK 0 0 0 0
WIK 0 0 0 0
WIK 0 0 0 0
WIK 0 0 0 0
WIK 0 0 0 0
WIK 0 0 0 0
WIK 0 0 0 0
WIK 0 0 0 0
WIK 0 0 0 0
WIK 0 0 0 0
WIK 0 0 0 0
WIK 0 0 0 0
WIK 0 0 0 0
WIK 0 0 0 0
WIK 0 0 0 0
WIK 0 0 0 0
WIK 0 0 0 0
WIK 0 0 0 0
WIK 0 0 0 0
WIK 0 0 0 0
WIK 0 0 0 0
WIK 0 0 0 0
WIK 0 0 0 0
WIK 0 0 0 0
WIK 0 0 0 0
WIK 0 0 0 0
WIK 0 0 0 0
WIK 0 0 0 0
WIK 0 0 0 0
WIK 0 0 0 0
WIK 0 0 0 0
WIK 0 0 0 0
WIK 0 0 0 0
WIK 0 0 0 0
WIK 0 0 0 0
WIK 0 0 0 0
WIK 0 0 0 0
WIK 0 0 0 0
WIK 0 0 0 0
WIK 0 0 0 0
WIK 0 0 0 0
WIK 0 0 0 0
WIK 0 0 0 0
WIK 0 0 0 0
WIK 0 0 0 0
WIK 0 0 0 0
WIK 0 0 0 0
WIK 0 0 0 0
WIK 0 0 0 0
WIK 0 0 0 0
WIK 0 0 0 0
WIK 0 0 0 0
WIK 0 0 0 0
WIK 0 0 0 0
WIK 0 0 0 0
WIK 0 0 0 0
WIK 0 0 0 0
WIK 0 0 0 0
WIK 0 0 0 0
WIK 0 0 0 0
WIK 0 0 0 0
WIK 0 0 0 0
WIK 0 0 0 0
WIK 0 0 0 0
WIK 0 0 0 0
WIK 0 0 0 0
WIK 0 0 0 0
WIK 0 0 0 0
WIK 0 0 0 0
WIK 0 0 0 0
WIK 0 0 0 0
WIK 0 0 0 0
WIK 0 0 0 0
WIK 0 0 0 0
WIK 0 0 0 0
WIK 347 347 347 347
WIK 347 347 347 0
WIK 350 4 350 3
WIK 357 11 357 7
CJK 375 0 375 0
CJK 397 22 397 22
OLK 128 71 128 0
OLK 128 0 128 0
OLK 128 0 128 0
OLK 132 4 132 4
KMK 237 3 237 3
WPK 132 4 132 4
UTK 121 5 121 5
QUK 100 0 100 0
QUK 108 8 108 8
QUK 109 9 109 1
QUK 109 1 109 0
QUK 109 0 109 0
QUK 119 10 119 10
QVK 187 8 187 2
UXK 119 0 119 0
UXK 126 7 126 7
EYK 95 4 95 4
EYK 128 37 128 33
EYK 128 33 128 0
FAL 83 0 83 0
FAL 83 0 83 0
FAL 125 43 125 42
FAL 125 42 125 0
FAL 125 0 125 0
FAL 226 101 226 101
FAL 230 106 230 4
JAL 105 0 105 0
JAL 127 22 127 22
MBL 0 0 0 0
MBL 0 0 0 0
MBL 0 0 0 0
MBL 0 0 0 0
MBL 0 0 0 0
MBL 0 0 0 0
MBL 0 0 0 0
MBL 0 0 0 0
MBL 0 0 0 0
MBL 0 0 0 0
MBL 0 0 0 0
MBL 0 0 0 0
MBL 0 0 0 0
MBL 0 0 0 0
MBL 0 0 0 0
MBL 0 0 0 0
MBL 0 0 0 0
MBL 0 0 0 0
MBL 0 0 0 0
MBL 0 0 0 0
MBL 0 0 0 0
MBL 0 0 0 0
MBL 0 0 0 0
MBL 0 0 0 0
MBL 0 0 0 0
MBL 0 0 0 0
MBL 0 0 0 0
MBL 0 0 0 0
MBL 0 0 0 0
MBL 0 0 0 0
MBL 0 0 0 0
MBL 0 0 0 0
MBL 0 0 0 0
MBL 0 0 0 0
MBL 0 0 0 0
MBL 0 0 0 0
MBL 0 0 0 0
MBL 0 0 0 0
MBL 0 0 0 0
MBL 0 0 0 0
MBL 0 0 0 0
MBL 0 0 0 0
MBL 0 0 0 0
MBL 0 0 0 0
MBL 0 0 0 0
MBL 0 0 0 0
MBL 0 0 0 0
MBL 0 0 0 0
MBL 0 0 0 0
MBL 0 0 0 0
MBL 0 0 0 0
MBL 0 0 0 0
MBL 0 0 0 0
MBL 0 0 0 0
MBL 0 0 0 0
MBL 0 0 0 0
MBL 0 0 0 0
MBL 0 0 0 0
MBL 0 0 0 0
MBL 0 0 0 0
MBL 0 0 0 0
MBL 0 0 0 0
MBL 0 0 0 0
MBL 0 0 0 0
MBL 0 0 0 0
MBL 0 0 0 0
MBL 0 0 0 0
MBL 0 0 0 0
MBL 0 0 0 0
MBL 0 0 0 0
MBL 0 0 0 0
MBL 0 0 0 0
MBL 0 0 0 0
MBL 0 0 0 0
MBL 0 0 0 0
MBL 0 0 0 0
MBL 0 0 0 0
MBL 0 0 0 0
MBL 0 0 0 0
MBL 0 0 0 0
MBL 0 0 0 0
MBL 0 0 0 0
MBL 0 0 0 0
MBL 0 0 0 0
MBL 0 0 0 0
MBL 0 0 0 0
MBL 0 0 0 0
MBL 0 0 0 0
MBL 0 0 0 0
MBL 0 0 0 0
MBL 0 0 0 0
MBL 0 0 0 0
MBL 0 0 0 0
MBL 0 0 0 0
MBL 0 0 0 0
MBL 0 0 0 0
MBL 0 0 0 0
MBL 0 0 0 0
MBL 0 0 0 0
MBL 0 0 0 0
MBL 0 0 0 0
MBL 0 0 0 0
MBL 0 0 0 0
MBL 0 0 0 0
MBL 0 0 0 0
MBL 0 0 0 0
MBL 0 0 0 0
MBL 0 0 0 0
MBL 0 0 0 0
MBL 0 0 0 0
MBL 0 0 0 0
MBL 0 0 0 0
MBL 0 0 0 0
MBL 0 0 0 0
MBL 0 0 0 0
MBL 0 0 0 0
MBL 0 0 0 0
MBL 0 0 0 0
MBL 0 0 0 0
MBL 0 0 0 0
MBL 0 0 0 0
MBL 0 0 0 0
MBL 0 0 0 0
MBL 0 0 0 0
MBL 0 0 0 0
MBL 0 0 0 0
MBL 0 0 0 0
MBL 0 0 0 0
MBL 0 0 0 0
MBL 0 0 0 0
MBL 0 0 0 0
MBL 0 0 0 0
MBL 0 0 0 0
MBL 0 0 0 0
MBL 0 0 0 0
MBL 0 0 0 0
MBL 0 0 0 0
MBL 0 0 0 0
MBL 0 0 0 0
MBL 0 0 0 0
MBL 0 0 0 0
MBL 0 0 0 0
MBL 0 0 0 0
MBL 0 0 0 0
MBL 0 0 0 0
MBL 0 0 0 0
MBL 0 0 0 0
MBL 0 0 0 0
MBL 0 0 0 0
MBL 0 0 0 0
MBL 0 0 0 0
MBL 0 0 0 0
MBL 0 0 0 0
MBL 0 0 0 0
MBL 0 0 0 0
MBL 0 0 0 0
MBL 0 0 0 0
MBL 0 0 0 0
MBL 0 0 0 0
MBL 0 0 0 0
MBL 0 0 0 0
MBL 0 0 0 0
MBL 0 0 0 0
MBL 0 0 0 0
MBL 0 0 0 0
MBL 0 0 0 0
MBL 0 0 0 0
MBL 0 0 0 0
MBL 0 0 0 0
MBL 0 0 0 0
MBL 0 0 0 0
MBL 0 0 0 0
MBL 0 0 0 0
MBL 0 0 0 0
MBL 0 0 0 0
MBL 0 0 0 0
MBL 0 0 0 0
MBL 0 0 0 0
MBL 0 0 0 0
MBL 0 0 0 0
MBL 0 0 0 0
MBL 0 0 0 0
MBL 0 0 0 0
MBL 0 0 0 0
MBL 0 0 0 0
MBL 0 0 0 0
MBL 0 0 0 0
MBL 0 0 0 0
MBL 0 0 0 0
MBL 0 0 0 0
MBL 0 0 0 0
MBL 0 0 0 0
MBL 0 0 0 0
MBL 0 0 0 0
MBL 0 0 0 0
MBL 0 0 0 0
MBL 0 0 0 0
MBL 0 0 0 0
MBL 0 0 0 0
MBL 0 0 0 0
MBL 0 0 0 0
MBL 367 367 367 367
MBL 367 367 367 0
MBL 370 4 370 3
MBL 373 7 373 3
OEL 204 23 204 23
OGL 0 0 0 0
OGL 0 0 0 0
OGL 0 0 0 0
OGL 0 0 0 0
OGL 0 0 0 0
OGL 0 0 0 0
OGL 0 0 0 0
OGL 0 0 0 0
OGL 0 0 0 0
OGL 0 0 0 0
OGL 0 0 0 0
OGL 0 0 0 0
OGL 0 0 0 0
OGL 0 0 0 0
OGL 0 0 0 0
OGL 0 0 0 0
OGL 0 0 0 0
OGL 0 0 0 0
OGL 0 0 0 0
OGL 0 0 0 0
OGL 0 0 0 0
OGL 0 0 0 0
OGL 0 0 0 0
OGL 0 0 0 0
OGL 0 0 0 0
OGL 0 0 0 0
OGL 0 0 0 0
OGL 0 0 0 0
OGL 4 4 4 4
FIL 52 0 52 0
FIL 52 0 52 0
FIL 105 53 105 53
FIL 105 53 105 0
FIL 105 0 105 0
FIL 105 0 105 0
FIL 110 5 110 5
FIL 113 9 113 3
FIL 113 3 113 0
FIL 113 0 113 0
FIL 113 0 113 0
HJL 467 119 467 4
IPL 120 69 120 64
IPL 120 64 120 0
IPL 120 0 120 0
IPL 120 0 120 0
IPL 120 0 120 0
IPL 120 0 120 0
IPL 120 0 120 0
IPL 123 3 123 3
IPL 123 3 123 0
IPL 135 12 135 12
IPL 135 12 135 0
IPL 136 1 136 1
IPL 136 1 136 0
IPL 141 5 141 5
IPL 141 5 141 0
IPL 142 1 142 1
IPL 142 1 142 0
KPL 184 7 184 3
AQL 0 0 0 0
AQL 0 0 0 0
AQL 0 0 0 0
AQL 0 0 0 0
AQL 0 0 0 0
AQL 0 0 0 0
AQL 0 0 0 0
AQL 0 0 0 0
AQL 0 0 0 0
AQL 0 0 0 0
AQL 0 0 0 0
AQL 0 0 0 0
AQL 0 0 0 0
AQL 0 0 0 0
AQL 0 0 0 0
AQL 0 0 0 0
AQL 0 0 0 0
AQL 0 0 0 0
AQL 0 0 0 0
AQL 0 0 0 0
AQL 0 0 0 0
AQL 0 0 0 0
AQL 0 0 0 0
AQL 0 0 0 0
AQL 0 0 0 0
AQL 0 0 0 0
AQL 0 0 0 0
AQL 0 0 0 0
AQL 0 0 0 0
AQL 0 0 0 0
AQL 0 0 0 0
AQL 0 0 0 0
AQL 0 0 0 0
AQL 0 0 0 0
AQL 0 0 0 0
AQL 0 0 0 0
AQL 0 0 0 0
AQL 0 0 0 0
AQL 0 0 0 0
AQL 0 0 0 0
AQL 0 0 0 0
AQL 0 0 0 0
AQL 0 0 0 0
AQL 0 0 0 0
AQL 0 0 0 0
AQL 0 0 0 0
AQL 0 0 0 0
AQL 0 0 0 0
AQL 0 0 0 0
AQL 0 0 0 0
AQL 0 0 0 0
AQL 0 0 0 0
AQL 0 0 0 0
AQL 0 0 0 0
AQL 0 0 0 0
AQL 0 0 0 0
AQL 0 0 0 0
AQL 0 0 0 0
AQL 0 0 0 0
AQL 0 0 0 0
AQL 0 0 0 0
AQL 0 0 0 0
AQL 0 0 0 0
AQL 0 0 0 0
AQL 0 0 0 0
AQL 0 0 0 0
AQL 0 0 0 0
AQL 0 0 0 0
AQL 0 0 0 0
AQL 0 0 0 0
AQL 0 0 0 0
AQL 0 0 0 0
AQL 0 0 0 0
AQL 0 0 0 0
AQL 0 0 0 0
AQL 0 0 0 0
AQL 0 0 0 0
AQL 0 0 0 0
AQL 0 0 0 0
AQL 0 0 0 0
AQL 0 0 0 0
AQL 0 0 0 0
AQL 0 0 0 0
AQL 0 0 0 0
AQL 0 0 0 0
AQL 0 0 0 0
AQL 0 0 0 0
AQL 0 0 0 0
AQL 0 0 0 0
AQL 0 0 0 0
AQL 0 0 0 0
AQL 0 0 0 0
AQL 0 0 0 0
AQL 0 0 0 0
AQL 0 0 0 0
AQL 0 0 0 0
AQL 0 0 0 0
AQL 0 0 0 0
AQL 0 0 0 0
AQL 0 0 0 0
AQL 0 0 0 0
AQL 354 354 354 354
AQL 354 354 354 0
AQL 357 4 357 3
AQL 363 10 363 6
BQL 0 0 0 0
BQL 0 0 0 0
BQL 0 0 0 0
BQL 0 0 0 0
BQL 0 0 0 0
BQL 0 0 0 0
BQL 0 0 0 0
BQL 0 0 0 0
BQL 0 0 0 0
BQL 0 0 0 0
BQL 0 0 0 0
BQL 0 0 0 0
BQL 0 0 0 0
BQL 0 0 0 0
BQL 0 0 0 0
BQL 0 0 0 0
BQL 0 0 0 0
BQL 0 0 0 0
BQL 0 0 0 0
BQL 0 0 0 0
BQL 0 0 0 0
BQL 0 0 0 0
BQL 0 0 0 0
BQL 0 0 0 0
BQL 0 0 0 0
BQL 0 0 0 0
BQL 0 0 0 0
BQL 250 250 250 250
DQL 0 0 0 0
DQL 0 0 0 0
DQL 0 0 0 0
DQL 0 0 0 0
DQL 0 0 0 0
DQL 0 0 0 0
DQL 0 0 0 0
DQL 250 250 250 250
JTL 180 61 180 61
JTL 185 67 185 5
AWL 177 37 177 4
AWL 180 7 180 3
HWL 115 0 115 0
HWL 160 45 160 45
GDM 106 2 106 2
DHM 180 0 180 0
DHM 180 0 180 0
DHM 180 0 180 0
DHM 180 0 180 0
DHM 183 3 183 3
DHM 183 3 183 0
DHM 183 0 183 0
DHM 184 1 184 1
UHM 245 42 245 42
NKM 251 1 251 1
FLM 356 33 356 33
FLM 357 34 357 1
FLM 357 1 357 0
FLM 737 380 737 380
CMM 135 0 135 0
CMM 135 0 135 0
CNM 113 0 113 0
CNM 151 38 151 38
HTM 172 37 172 4
HTM 175 7 175 3
RTM 149 35 149 35
VTM 115 1 115 1
WTM 145 31 145 31
XTM 190 75 190 75
KUM 0 0 0 0
KUM 0 0 0 0
KUM 0 0 0 0
KUM 0 0 0 0
KUM 0 0 0 0
KUM 2 2 2 2
QZM 110 0 110 0
QZM 114 4 114 4
QZM 126 16 126 12
QZM 127 13 127 1
QZM 132 6 132 5
QZM 133 6 133 1
PIN 125 0 125 0
PIN 147 22 147 22
AKN 104 0 104 0
AKN 104 0 104 0
AKN 127 23 127 23
AKN 127 23 127 0
AKN 127 0 127 0
AKN 127 0 127 0
AKN 153 26 153 26
YON 359 0 359 0
YON 361 2 361 2
LSN 852 0 852 0
LSN 852 0 852 0
LSN 869 17 869 17
UBO 885 27 885 1
UBO 888 5 888 3
PHO 95 0 95 0
PHO 204 109 204 109
SKO 0 0 0 0
SKO 0 0 0 0
SKO 0 0 0 0
SKO 0 0 0 0
SKO 0 0 0 0
SKO 0 0 0 0
SKO 0 0 0 0
SKO 0 0 0 0
SKO 0 0 0 0
SKO 0 0 0 0
SKO 0 0 0 0
SKO 0 0 0 0
SKO 0 0 0 0
SKO 0 0 0 0
SKO 0 0 0 0
SKO 4 4 4 4
TOO 238 4 238 4
TOO 617 384 617 379
XOO 367 0 367 0
XOO 424 57 424 57
VFP 810 0 810 0
UGP 135 37 135 37
WGP 86 0 86 0
WGP 90 4 90 4
WGP 90 4 90 0
WGP 90 0 90 0
WGP 90 0 90 0
WGP 132 42 132 42
BLP 663 24 663 20
BLP 666 23 666 3
BLP 666 3 666 0
BOP 212 2 212 2
BOP 285 76 285 73
BOP 410 199 410 125
BOP 432 148 432 22
YQP 97 0 97 0
YQP 97 0 97 0
YQP 97 0 97 0
YQP 192 95 192 95
NUP 240 29 240 1
UVP 172 13 172 13
UVP 172 13 172 0
UVP 213 41 213 41
UVP 213 41 213 0
UVP 469 256 469 256
UVP 469 256 469 0
UVP 475 6 475 6
UVP 475 6 475 0
UVP 475 0 475 0
UVP 475 0 475 0
UVP 475 0 475 0
UVP 475 0 475 0
UVP 492 17 492 17
UVP 492 17 492 0
SWP 273 14 273 14
SWP 273 14 273 0
SWP 273 0 273 0
SWP 273 0 273 0
SWP 431 158 431 158
SWP 431 158 431 0
SWP 435 4 435 4
SWP 435 4 435 0
PDQ 225 4 225 4
PDQ 604 384 604 379
SEQ 361 0 361 0
SEQ 361 0 361 0
SEQ 361 0 361 0
SEQ 392 31 392 31
RHQ 111 0 111 0
RHQ 112 1 112 1
RHQ 112 1 112 0
RHQ 112 0 112 0
RHQ 112 0 112 0
RHQ 112 0 112 0
RHQ 112 0 112 0
RHQ 112 0 112 0
RHQ 163 51 163 51
MOQ 287 5 287 5
KPQ 438 233 438 0
KPQ 439 1 439 1
PUQ 402 21 402 0
PUQ 402 0 402 0
PUQ 416 14 416 14
QYQ 54 0 54 0
QYQ 61 7 61 7
QYQ 63 9 63 2
QYQ 63 2 63 0
QYQ 63 1 63 0
QYQ 63 1 63 0
QYQ 66 3 66 3
QYQ 66 3 66 0
QYQ 66 1 66 0
QYQ 125 60 125 59
QDR 376 0 376 0
LLR 118 0 118 0
LLR 124 6 124 6
LLR 127 9 127 3
LLR 127 3 127 0
LLR 127 0 127 0
LLR 137 10 137 10
LLR 141 14 141 4
LLR 142 5 142 1
LLR 142 2 142 0
LLR 143 2 143 1
IOR 181 155 181 155
EVR 114 0 114 0
EVR 120 6 120 6
EVR 123 9 123 3
EVR 123 3 123 0
EVR 123 0 123 0
EVR 134 11 134 11
QCS 185 111 185 0
QCS 191 6 191 6
UDS 300 0 300 0
UDS 300 0 300 0
AHS 249 0 249 0
AHS 249 0 249 0
AHS 249 0 249 0
AHS 249 0 249 0
AHS 249 0 249 0
AHS 249 0 249 0
AHS 252 3 252 3
AHS 252 3 252 0
LHS 324 0 324 0
UIS 153 0 153 0
UIS 153 0 153 0
UIS 153 0 153 0
UIS 157 4 157 4
UIS 157 4 157 0
UIS 170 13 170 13
UIS 170 13 170 0
UIS 170 0 170 0
UIS 170 0 170 0
UIS 170 0 170 0
UIS 170 0 170 0
UIS 170 0 170 0
UIS 170 0 170 0
UIS 170 0 170 0
UIS 174 4 174 4
JNS 400 176 400 4
JNS 400 4 400 0
JNS 400 0 400 0
KYS 67 12 67 0
KYS 67 0 67 0
KYS 67 0 67 0
KYS 108 41 108 41
JBT 180 0 180 0
JBT 235 55 235 55
UHT 168 2 168 2
YHT 574 0 574 0
IPT 374 6 374 4
IPT 406 37 406 32
IPT 532 159 532 126
IPT 533 128 533 1
OYT 196 0 196 0
OYT 198 2 198 2
EBU 596 4 596 4
AGU 289 20 289 1
AGU 289 1 289 0
AGU 684 395 684 395
WIU 545 173 545 168
WIU 545 168 545 0
WIU 576 31 576 31
TRU 281 0 281 0
TRU 281 0 281 0
TRU 281 0 281 0
TRU 281 0 281 0
TRU 284 3 284 3
NXU 531 0 531 0
BZU 92 54 92 54
ZDV 221 0 221 0
ZDV 221 0 221 0
BEV 136 4 136 0
BEV 136 0 136 0
BEV 156 20 156 20
MEV 116 28 116 22
MEV 116 22 116 0
ILV 361 163 361 163
ILV 361 163 361 0
ILV 372 11 372 11
VOV 126 39 126 33
VOV 126 33 126 0
MPV 324 29 324 26
MPV 351 54 351 27
MPV 351 27 351 0
MPV 351 0 351 0
MPV 351 0 351 0
JRV 730 333 730 333
EXV 555 0 555 0
EXV 555 0 555 0
EXV 638 83 638 83
BYV 35 3 35 0
BYV 149 114 149 114
MCW 219 3 219 3
BTW 133 5 133 0
BTW 133 0 133 0
AAX 105 0 105 0
AAX 105 0 105 0
AAX 105 0 105 0
AAX 105 0 105 0
AAX 105 0 105 0
AAX 129 24 129 24
RFX 101 0 101 0
RFX 139 38 139 38
RFX 139 38 139 0
FSX 120 0 120 0
FSX 120 0 120 0
FSX 163 43 163 43
FCY 113 18 113 18
HIY 843 0 843 0
HIY 849 6 849 6
XJY 606 234 606 42
XJY 606 42 606 0
XJY 606 0 606 0
XJY 746 141 746 140
XJY 746 140 746 0
XJY 753 7 753 7
EKY 467 182 467 0
EKY 467 0 467 0
WQY 166 0 166 0
WQY 166 0 166 0
WQY 166 0 166 0
WQY 166 0 166 0
WQY 166 0 166 0
WQY 166 0 166 0
WQY 169 3 169 3
ERY 567 197 567 5
ERY 567 5 567 0
ERY 570 3 570 3
HCZ 505 0 505 0
XCZ 334 4 334 2
XCZ 338 6 338 4
DDZ 66 8 66 4
DDZ 66 4 66 0
DDZ 66 0 66 0
DDZ 68 2 68 2
DDZ 70 4 70 2
DDZ 70 2 70 0
DDZ 70 0 70 0
DDZ 75 5 75 5
DDZ 79 9 79 4
DDZ 79 4 79 0
DDZ 79 0 79 0
DDZ 83 4 83 4
BEZ 581 0 581 0
BEZ 699 118 699 118
BEZ 699 118 699 0
BEZ 699 0 699 0
BEZ 700 1 700 1
BEZ 817 119 817 117
BEZ 817 117 817 0
BEZ 817 0 817 0
BEZ 817 0 817 0
BEZ 837 20 837 20
UEZ 706 334 706 334
IMZ 431 0 431 0
IMZ 431 0 431 0
KNZ 59 0 59 0
KNZ 59 0 59 0
KNZ 101 42 101 42
LOZ 115 1 115 0
LOZ 120 5 120 5
LOZ 396 282 396 276
LOZ 396 276 396 0
LOZ 396 0 396 0
LOZ 396 0 396 0
LOZ 396 0 396 0
LOZ 396 0 396 0
LOZ 398 2 398 2
XQZ 480 115 480 19
XQZ 480 19 480 0
XQZ 480 0 480 0
XQZ 480 0 480 0
XQZ 480 0 480 0
XQZ 480 0 480 0
XQZ 480 0 480 0
XQZ 480 0 480 0
XQZ 480 0 480 0
XQZ 480 0 480 0
MSZ 691 0 691 0
MSZ 691 0 691 0
MWZ 24 0 24 0
MWZ 32 8 32 8
MWZ 32 8 32 0
MWZ 57 25 57 25
MWZ 57 25 57 0
MWZ 153 96 153 96
MWZ 154 98 154 1
MWZ 154 1 154 0
MWZ 158 4 158 4
HIAA 36 16 36 12
HIAA 37 13 37 1
HIAA 42 6 42 5
HIAA 43 6 43 1
NOAA 53 33 53 33
NOAA 119 99 119 66
NOAA 119 66 119 0
NOAA 119 0 119 0
NOAA 134 15 134 15
NOAA 134 15 134 0
RVAA 101 0 101 0
RVAA 132 31 132 31
RVAA 132 31 132 0
RVAA 136 4 136 4
YNBA 339 208 339 208
YNBA 339 209 339 0
YNBA 351 12 351 12
YNBA 446 108 446 95
YNBA 469 119 469 23
LUBA 553 31 553 31
DYBA 161 10 161 0
DYBA 161 0 161 0
DYBA 161 0 161 0
DYBA 169 8 169 8
DYBA 185 25 185 16
DYBA 185 17 185 0
DYBA 185 0 185 0
DYBA 185 0 185 0
DYBA 190 5 190 5
DYBA 190 5 190 0
DYBA 190 0 190 0
DYBA 190 0 190 0
DYBA 190 0 190 0
DYBA 190 0 190 0
DYBA 193 3 193 3
EGCA 262 0 262 0
EGCA 277 15 277 15
JKCA 722 0 722 0
JKCA 763 41 763 41
OKCA 437 7 437 7
SMCA 201 0 201 0
SMCA 201 0 201 0
SMCA 201 0 201 0
SMCA 201 0 201 0
SMCA 232 31 232 31
BPCA 289 4 289 4
ATCA 190 58 190 58
MTCA 256 0 256 0
MTCA 256 0 256 0
MTCA 256 0 256 0
MTCA 256 0 256 0
MTCA 289 33 289 33
BUCA 322 0 322 0
BUCA 322 0 322 0
BUCA 322 0 322 0
BUCA 325 3 325 3
DIDA 201 15 201 15
ULDA 123 24 123 24
DNDA 278 0 278 0
DNDA 278 0 278 0
DNDA 278 0 278 0
DNDA 278 0 278 0
DNDA 278 0 278 0
DNDA 278 0 278 0
DNDA 278 0 278 0
DNDA 281 3 281 3
GODA 467 0 467 0
GODA 467 0 467 0
GODA 467 0 467 0
GODA 467 0 467 0
GODA 467 0 467 0
RUDA 125 0 125 0
RUDA 126 1 126 1
RUDA 126 1 126 0
RUDA 126 0 126 0
RUDA 126 0 126 0
RUDA 133 7 133 7
PVDA 511 0 511 0
PVDA 511 0 511 0
LKEA 672 334 672 334
RMEA 9 0 9 0
RMEA 9 0 9 0
RMEA 9 0 9 0
RMEA 9 0 9 0
RMEA 9 0 9 0
OQEA 110 0 110 0
OQEA 132 22 132 22
OQEA 132 22 132 0
OQEA 132 0 132 0
OQEA 132 0 132 0
OQEA 135 3 135 3
WREA 493 161 493 37
WREA 493 37 493 0
WREA 497 4 497 4
ZZEA 468 0 468 0
VEFA 412 0 412 0
VEFA 412 0 412 0
DQFA 349 0 349 0
DQFA 349 0 349 0
DQFA 363 14 363 14
WQFA 159 0 159 0
WQFA 162 3 162 3
LYFA 383 11 383 11
IDGA 234 4 234 4
REGA 409 15 409 15
FNGA 99 51 99 0
FNGA 99 0 99 0
FNGA 99 0 99 0
FNGA 108 9 108 9
RNGA 69 0 69 0
RNGA 112 43 112 43
BVGA 59 0 59 0
BVGA 59 0 59 0
BVGA 59 0 59 0
BVGA 59 0 59 0
BVGA 61 2 61 2
BVGA 61 2 61 0
BVGA 61 0 61 0
BVGA 78 17 78 17
BVGA 78 18 78 0
BVGA 78 0 78 0
BVGA 78 0 78 0
BVGA 78 0 78 0
BVGA 78 0 78 0
BVGA 78 0 78 0
BVGA 78 0 78 0
BVGA 78 0 78 0
BVGA 78 0 78 0
BVGA 78 0 78 0
BVGA 79 1 79 1
BVGA 79 1 79 0
BVGA 79 0 79 0
BVGA 91 12 91 12
CWGA 182 4 182 4
CWGA 219 42 219 37
CWGA 290 109 290 71
CWGA 294 75 294 4
PXGA 316 12 316 12
PXGA 507 204 507 191
JBHA 681 17 681 17
RBHA 380 1 380 1
KCHA 374 4 374 0
DFHA 55 0 55 0
DFHA 84 29 84 29
SJHA 223 0 223 0
SJHA 224 1 224 1
ULHA 116 0 116 0
ULHA 116 0 116 0
ULHA 120 4 120 4
MMHA 169 5 169 5
NRHA 113 0 113 0
NRHA 113 0 113 0
NRHA 118 5 118 5
EWHA 37 0 37 0
EWHA 37 0 37 0
EWHA 37 0 37 0
EWHA 88 51 88 51
UWHA 595 19 595 19
UWHA 598 23 598 3
UWHA 604 9 604 6
UWHA 610 12 610 6
UWHA 729 125 729 119
MZHA 291 10 291 2
MZHA 291 2 291 0
MZHA 292 1 292 1
DJIA 258 0 258 0
DJIA 258 0 258 0
DJIA 258 0 258 0
DJIA 258 0 258 0
DJIA 258 0 258 0
DJIA 258 0 258 0
DJIA 261 3 261 3
DJIA 261 3 261 0
DJIA 267 6 267 6
DJIA 267 6 267 0
DJIA 279 12 279 12
DJIA 279 12 279 0
DJIA 285 6 285 6
DJIA 285 6 285 0
DJIA 486 201 486 201
DJIA 486 201 486 0
DJIA 521 35 521 35
DJIA 521 35 521 0
DJIA 774 253 774 253
DJIA 774 253 774 0
DJIA 774 0 774 0
DJIA 774 0 774 0
MQIA 469 0 469 0
MYIA 200 1 200 1
SAJA 716 0 716 0
CDJA 432 20 432 17
CDJA 451 37 451 19
CDJA 451 19 451 0
CDJA 451 0 451 0
QEJA 249 23 249 23
JHJA 218 57 218 56
JHJA 218 56 218 0
JHJA 284 66 284 66
JHJA 284 66 284 0
JHJA 296 12 296 12
JHJA 489 206 489 193
KWJA 96 16 96 0
KWJA 96 0 96 0
KWJA 96 0 96 0
KWJA 96 0 96 0
KWJA 96 0 96 0
KWJA 96 0 96 0
KWJA 96 0 96 0
KWJA 97 1 97 1
KWJA 97 1 97 0
JZJA 474 13 474 13
IHKA 434 23 434 23
ELKA 56 3 56 0
ELKA 56 0 56 0
ELKA 64 8 64 8
IMKA 707 42 707 42
ITKA 426 15 426 15
CFLA 111 0 111 0
CFLA 115 4 115 4
ESLA 165 0 165 0
ESLA 165 0 165 0
ESLA 165 0 165 0
ESLA 165 0 165 0
ESLA 167 2 167 2
ESLA 167 3 167 0
ESLA 183 16 183 16
ESLA 183 16 183 0
ESLA 183 0 183 0
EVLA 496 38 496 11
EVLA 753 269 753 257
AXLA 414 137 414 18
VBMA 421 17 421 17
UEMA 233 33 233 33
VHMA 178 84 178 0
GIMA 134 0 134 0
GIMA 135 1 135 1
GIMA 138 4 138 3
GIMA 138 3 138 0
GIMA 138 0 138 0
GIMA 139 1 139 1
FJMA 107 0 107 0
VNMA 57 4 57 4
HANA 415 22 415 22
KANA 391 0 391 0
KANA 391 0 391 0
KANA 391 0 391 0
KANA 391 0 391 0
KANA 414 23 414 23
LBNA 174 69 174 0
LBNA 257 83 257 83
YBNA 391 0 391 0
YBNA 391 0 391 0
YBNA 391 0 391 0
YBNA 391 0 391 0
YBNA 413 22 413 22
QTNA 388 0 388 0
QTNA 388 0 388 0
QTNA 391 3 391 3
QTNA 391 3 391 0
QTNA 391 0 391 0
QTNA 410 19 410 19
WTNA 64 0 64 0
WTNA 153 89 153 89
GVNA 727 9 727 9
VVNA 299 2 299 2
LXNA 635 24 635 24
CAOA 394 42 394 41
CAOA 395 42 395 1
TDOA 808 3 808 3
UJOA 101 1 101 0
UJOA 101 0 101 0
UJOA 102 2 102 1
UJOA 103 2 103 1
UJOA 104 2 104 1
UJOA 117 15 117 13
ONOA 732 13 732 13
DQOA 372 0 372 0
GQOA 371 0 371 0
GQOA 371 0 371 0
GQOA 374 3 374 3
GQOA 374 3 374 0
GQOA 376 2 376 2
GQOA 376 2 376 0
MROA 123 0 123 0
MROA 148 25 148 25
PVOA 211 23 211 23
OWOA 802 3 802 3
MZOA 663 16 663 16
QAPA 268 21 268 21
QAPA 268 21 268 0
QAPA 268 0 268 0
SAPA 175 52 175 20
SAPA 208 54 208 33
FBPA 800 3 800 3
WDPA 116 30 116 30
JNPA 662 547 662 0
JNPA 662 0 662 0
JNPA 667 5 667 5
JNPA 668 7 668 1
JNPA 668 2 668 0
HVPA 714 8 714 8
FWPA 153 22 153 22
SXPA 211 13 211 13
HAQA 137 2 137 0
HAQA 217 80 217 80
HAQA 287 151 287 70
HAQA 287 71 287 0
HAQA 287 0 287 0
HAQA 287 0 287 0
HAQA 300 13 300 13
HAQA 300 13 300 0
HAQA 301 1 301 1
HAQA 302 2 302 1
HAQA 325 24 325 23
HAQA 325 23 325 0
HAQA 325 0 325 0
HAQA 325 0 325 0
HAQA 325 0 325 0
HAQA 325 0 325 0
HAQA 325 0 325 0
HAQA 329 4 329 4
HAQA 359 34 359 30
HAQA 359 30 359 0
HAQA 361 3 361 2
HAQA 363 5 363 2
HAQA 363 2 363 0
HAQA 367 4 367 4
HAQA 367 5 367 0
HAQA 367 1 367 0
HAQA 376 9 376 9
HAQA 376 9 376 0
HAQA 376 0 376 0
HAQA 380 4 380 4
JBQA 11 7 11 6
JBQA 11 6 11 0
JBQA 11 0 11 0
JBQA 58 47 58 47
JBQA 63 52 63 5
JBQA 138 80 138 75
JBQA 138 75 138 0
JBQA 138 0 138 0
JBQA 372 234 372 234
XFQA 204 11 204 0
XFQA 206 2 206 2
AJQA 13 6 13 0
AJQA 47 34 47 34
AJQA 47 34 47 0
AJQA 55 9 55 8
AJQA 55 9 55 0
AJQA 91 36 91 36
AJQA 365 310 365 274
RTQA 792 3 792 3
EUQA 454 1 454 1
FUQA 109 0 109 0
FUQA 115 6 115 6
FUQA 115 6 115 0
FUQA 115 0 115 0
FUQA 115 0 115 0
FUQA 119 4 119 4
GARA 373 0 373 0
IARA 367 0 367 0
IARA 367 0 367 0
IARA 367 0 367 0
IARA 367 0 367 0
IARA 367 0 367 0
BCRA 389 4 389 4
UCRA 592 0 592 0
UCRA 592 0 592 0
UCRA 592 0 592 0
UCRA 592 0 592 0
UCRA 614 22 614 22
KDRA 259 0 259 0
KDRA 263 4 263 4
GGRA 341 0 341 0
TMRA 386 23 386 23
AORA 627 256 627 220
AORA 627 220 627 0
AORA 627 0 627 0
AORA 627 0 627 0
AORA 627 0 627 0
AORA 627 0 627 0
AORA 657 30 657 30
BORA 603 0 603 0
BORA 603 0 603 0
BORA 603 0 603 0
BORA 603 0 603 0
BORA 603 0 603 0
BORA 603 0 603 0
BORA 603 0 603 0
BORA 603 0 603 0
BORA 603 0 603 0
BORA 604 1 604 1
BORA 607 4 607 3
BORA 610 7 610 3
CORA 520 14 520 14
QRRA 290 17 290 17
QRRA 290 17 290 0
QRRA 290 0 290 0
QRRA 290 0 290 0
QRRA 293 3 293 3
HSRA 434 58 434 58
VSRA 784 4 784 4
XTRA 783 4 783 4
SWRA 159 0 159 0
SWRA 173 14 173 14
YWRA 82 0 82 0
YWRA 84 2 84 2
PYRA 360 0 360 0
PYRA 360 0 360 0
PYRA 360 0 360 0
PYRA 360 0 360 0
PYRA 382 22 382 22
RYRA 366 0 366 0
RYRA 366 0 366 0
RYRA 366 0 366 0
RYRA 366 0 366 0
RYRA 366 0 366 0
EASA 439 30 439 30
CGSA 367 0 367 0
XGSA 81 3 81 3
XGSA 81 3 81 0
EHSA 619 0 619 0
EHSA 619 0 619 0
EHSA 619 0 619 0
EHSA 619 0 619 0
EHSA 635 16 635 16
WKSA 370 7 370 7
WKSA 370 7 370 0
WKSA 375 5 375 5
WKSA 375 6 375 0
WKSA 375 0 375 0
WKSA 384 9 384 9
WKSA 384 10 384 0
WKSA 397 13 397 13
WKSA 397 13 397 0
WKSA 403 6 403 6
WKSA 403 6 403 0
WKSA 404 1 404 1
WKSA 404 1 404 0
WKSA 407 3 407 3
WKSA 407 3 407 0
WKSA 407 0 407 0
WKSA 407 0 407 0
WKSA 407 0 407 0
WKSA 410 3 410 3
BOSA 613 0 613 0
BOSA 613 0 613 0
BOSA 613 0 613 0
BOSA 613 0 613 0
BOSA 613 0 613 0
BOSA 613 0 613 0
BOSA 613 0 613 0
BOSA 613 0 613 0
BOSA 613 0 613 0
BOSA 651 38 651 38
IRSA 595 15 595 15
GVSA 364 6 364 6
GVSA 370 12 370 6
XYSA 434 30 434 30
XFTA 681 45 681 0
XFTA 681 0 681 0
XFTA 681 0 681 0
XFTA 681 0 681 0
XFTA 681 0 681 0
XFTA 726 45 726 45
CQTA 643 35 643 10
HVTA 631 24 631 24
PFUA 10 0 10 0
PFUA 10 0 10 0
PFUA 24 14 24 14
PFUA 24 14 24 0
PFUA 24 0 24 0
PFUA 24 0 24 0
ZFUA 706 61 706 61
MIUA 87 0 87 0
MIUA 87 0 87 0
MIUA 87 0 87 0
MIUA 87 0 87 0
MIUA 87 0 87 0
MIUA 87 0 87 0
MIUA 89 2 89 2
MIUA 738 652 738 649
DLUA 208 0 208 0
JOUA 416 1 416 1
JOUA 443 29 443 27
JOUA 456 41 456 13
JOUA 643 201 643 187
ZRUA 664 5 664 3
CTUA 720 13 720 13
ZUUA 104 0 104 0
ZUUA 141 37 141 37
LVUA 319 210 319 210
LVUA 321 212 321 2
XVUA 707 36 707 36
KWUA 479 0 479 0
KWUA 479 0 479 0
KWUA 479 0 479 0
KWUA 497 18 497 18
BZUA 588 22 588 22
GZUA 341 0 341 0
GZUA 341 0 341 0
GZUA 341 0 341 0
GZUA 341 0 341 0
GZUA 341 0 341 0
GJVA 146 46 146 46
DLVA 362 22 362 22
RPVA 105 0 105 0
LRVA 342 0 342 0
LRVA 342 0 342 0
LRVA 342 0 342 0
VVVA 372 0 372 0
ZVVA 109 0 109 0
ZVVA 110 1 110 1
ZBWA 379 186 379 0
ZBWA 379 0 379 0
ZBWA 379 0 379 0
ZBWA 455 76 455 76
ZBWA 727 349 727 272
NCWA 132 0 132 0
NCWA 135 3 135 3
ADWA 303 0 303 0
DDWA 121 0 121 0
DDWA 121 0 121 0
DDWA 125 4 125 4
MEWA 369 8 369 2
OEWA 357 24 357 24
MFWA 356 23 356 23
UFWA 199 16 199 16
UFWA 431 248 431 232
UFWA 636 437 636 205
WFWA 115 38 115 38
MGWA 727 348 727 265
MJWA 111 6 111 0
MJWA 112 1 112 1
UKWA 635 71 635 71
CLWA 104 0 104 0
CLWA 104 0 104 0
CLWA 104 0 104 0
CLWA 104 0 104 0
CLWA 141 37 141 37
AQWA 598 0 598 0
AQWA 599 1 599 1
ERWA 684 37 684 37
DWWA 695 36 695 36
MBXA 169 0 169 0
MBXA 211 42 211 42
ICXA 406 30 406 30
DGXA 728 0 728 0
DGXA 728 0 728 0
EGXA 508 68 508 0
EGXA 508 0 508 0
EGXA 508 0 508 0
EGXA 529 21 529 21
EGXA 529 21 529 0
IMXA 348 23 348 23
WMXA 324 0 324 0
WMXA 324 0 324 0
WMXA 324 0 324 0
WMXA 324 0 324 0
WMXA 347 23 347 23
YMXA 329 0 329 0
YMXA 329 0 329 0
YMXA 329 0 329 0
YMXA 329 0 329 0
YMXA 329 0 329 0
VOXA 132 18 132 18
VOXA 362 248 362 230
VOXA 362 230 362 0
VOXA 362 0 362 0
VOXA 362 0 362 0
VOXA 382 20 382 20
NRXA 572 17 572 17
PHYA 678 44 678 44
XKYA 390 0 390 0
XKYA 408 18 408 18
XKYA 408 18 408 0
XKYA 408 0 408 0
LNYA 162 4 162 2
LNYA 162 2 162 0
LNYA 241 79 241 79
LNYA 241 79 241 0
LNYA 241 0 241 0
LNYA 241 0 241 0
LNYA 242 1 242 1
JQYA 181 4 181 4
FWYA 631 1 631 0
FWYA 631 0 631 0
FWYA 631 0 631 0
FWYA 668 37 668 37
LCZA 224 9 224 9
MIZA 666 38 666 38
AKZA 735 17 735 17
EJAB 628 0 628 0
EJAB 671 43 671 43
AKAB 574 15 574 15
TRAB 130 72 130 72
QZAB 450 0 450 0
QZAB 450 0 450 0
QZAB 461 11 461 11
LCBB 521 99 521 95
LCBB 521 95 521 0
LCBB 521 0 521 0
YDBB 377 31 377 31
CIBB 187 0 187 0
CIBB 187 0 187 0
CIBB 187 0 187 0
CIBB 187 0 187 0
CIBB 187 0 187 0
CIBB 187 0 187 0
CIBB 187 0 187 0
CIBB 187 0 187 0
CIBB 187 0 187 0
CIBB 274 87 274 87
CIBB 290 103 290 16
LKBB 666 17 666 17
MKBB 38 3 38 0
MKBB 38 0 38 0
MKBB 38 0 38 0
MKBB 38 0 38 0
MKBB 38 0 38 0
MKBB 38 0 38 0
MKBB 202 164 202 164
YNBB 390 164 390 163
QOBB 132 0 132 0
QOBB 178 46 178 46
KSBB 643 28 643 0
DYBB 312 241 312 183
DYBB 312 183 312 0
DYBB 312 0 312 0
DYBB 312 0 312 0
DYBB 312 0 312 0
DYBB 312 0 312 0
DYBB 347 35 347 35
WYBB 218 0 218 0
WYBB 222 4 222 4
WYBB 224 7 224 2
WYBB 224 3 224 0
WYBB 691 468 691 467
WYBB 691 467 691 0
WYBB 691 0 691 0
WYBB 691 0 691 0
WYBB 691 0 691 0
WYBB 691 0 691 0
WYBB 702 11 702 11
YFCB 82 0 82 0
YFCB 82 0 82 0
YFCB 170 88 170 88
WGCB 696 6 696 6
LHCB 114 0 114 0
LHCB 124 10 124 10
TNCB 674 39 674 39
ZQCB 579 42 579 42
UVCB 289 0 289 0
UVCB 290 1 290 1
UVCB 290 1 290 0
UVCB 290 0 290 0
UVCB 290 0 290 0
UVCB 290 0 290 0
SWCB 316 0 316 0
SWCB 316 0 316 0
SWCB 342 26 342 26
KBDB 305 148 305 2
KBDB 331 29 331 26
KBDB 376 72 376 45
KBDB 379 49 379 3
KBDB 379 3 379 0
KBDB 379 0 379 0
KBDB 386 7 386 7
XBDB 125 4 125 0
XBDB 125 0 125 0
XBDB 173 48 173 48
TGDB 316 165 316 3
PHDB 646 36 646 36
YUDB 679 53 679 53
AZDB 650 22 650 22
SBEB 698 21 698 21
HIEB 169 0 169 0
UIEB 272 0 272 0
UIEB 272 0 272 0
UIEB 272 0 272 0
HJEB 631 44 631 44
GMEB 99 0 99 0
GMEB 99 0 99 0
GMEB 163 64 163 64
JNEB 625 57 625 57
IOEB 623 57 623 57
QXEB 184 14 184 14
PHFB 246 164 246 164
PHFB 494 413 494 248
RHFB 198 3 198 3
RHFB 200 5 200 2
RHFB 200 2 200 0
RHFB 200 0 200 0
RHFB 200 0 200 0
RHFB 200 0 200 0
RHFB 200 0 200 0
RHFB 204 4 204 4
SKFB 73 0 73 0
SKFB 101 28 101 28
EMFB 632 42 632 42
CNFB 147 0 147 0
CNFB 147 0 147 0
CNFB 147 0 147 0
CNFB 147 0 147 0
CNFB 173 26 173 26
CNFB 173 26 173 0
CNFB 360 187 360 187
CNFB 366 193 366 6
RNFB 637 22 637 22
TOFB 623 63 623 63
HTFB 615 56 615 56
HWFB 271 44 271 4
JXFB 496 0 496 0
JXFB 565 69 565 69
UXFB 615 37 615 37
OYFB 620 41 620 41
VAGB 80 0 80 0
VAGB 148 68 148 68
QGGB 190 3 190 3
IKGB 611 56 611 56
FNGB 352 46 352 46
HNGB 11 0 11 0
HNGB 11 0 11 0
HNGB 11 0 11 0
HNGB 146 135 146 135
ZNGB 617 63 617 63
LVGB 569 0 569 0
LVGB 569 0 569 0
LVGB 606 37 606 37
LXGB 369 6 369 1
RXGB 608 56 608 56
TXGB 279 0 279 0
FYGB 226 0 226 0
FYGB 226 0 226 0
FMHB 499 18 499 18
WQHB 622 17 622 17
WRHB 551 69 551 69
ZRHB 92 0 92 0
RTHB 412 18 412 18
MZHB 608 63 608 63
WZHB 354 0 354 0
WZHB 354 0 354 0
WZHB 354 0 354 0
WZHB 359 5 359 5
HAIB 87 0 87 0
HAIB 130 43 130 43
JKIB 560 0 560 0
JKIB 560 0 560 0
JKIB 560 0 560 0
JKIB 560 0 560 0
JKIB 603 43 603 43
PNIB 559 0 559 0
PNIB 559 0 559 0
PNIB 559 0 559 0
PNIB 596 37 596 37
DPIB 596 36 596 36
GPIB 597 38 597 38
JUIB 565 6 565 6
JUIB 565 6 565 0
JUIB 565 0 565 0
JUIB 565 0 565 0
JUIB 566 1 566 1
LAJB 360 299 360 299
TDJB 558 0 558 0
TDJB 601 43 601 43
MJJB 188 106 188 89
MJJB 208 110 208 20
MJJB 223 35 223 15
MJJB 285 77 285 62
MJJB 341 118 341 56
MJJB 355 70 355 14
MJJB 376 35 376 21
MJJB 448 93 448 72
NNJB 407 0 407 0
NNJB 424 17 424 17
LRJB 473 0 473 0
LRJB 473 0 473 0
SSJB 173 3 173 0
DVJB 398 0 398 0
HVJB 540 72 540 72
SXJB 589 53 589 53
XYJB 167 0 167 0
XYJB 167 0 167 0
XYJB 167 0 167 0
XYJB 167 0 167 0
XYJB 167 0 167 0
XYJB 181 14 181 14
XYJB 196 29 196 15
XYJB 196 15 196 0
XYJB 196 0 196 0
DZJB 589 53 589 53
KEKB 571 41 571 19
KEKB 593 41 593 22
RFKB 587 0 587 0
RFKB 587 0 587 0
RFKB 587 0 587 0
RFKB 587 0 587 0
RFKB 609 22 609 22
HHKB 209 85 209 85
YLKB 245 41 245 10
YLKB 245 10 245 0
YLKB 245 0 245 0
YLKB 245 0 245 0
AOKB 527 206 527 203
AOKB 527 203 527 0
AOKB 527 0 527 0
AOKB 527 0 527 0
AOKB 527 0 527 0
AOKB 527 0 527 0
AOKB 587 60 587 60
WSKB 225 0 225 0
XSKB 411 2 411 2
GUKB 585 0 585 0
GUKB 585 0 585 0
GUKB 585 0 585 0
GUKB 602 17 602 17
QXKB 10 2 10 1
QXKB 10 2 10 0
QXKB 10 0 10 0
QXKB 10 0 10 0
QXKB 16 6 16 6
QXKB 16 6 16 0
QXKB 16 0 16 0
QXKB 16 0 16 0
QXKB 194 178 194 178
QXKB 194 178 194 0
LELB 549 5 549 3
QGLB 155 24 155 17
QGLB 155 17 155 0
QGLB 155 0 155 0
QGLB 155 0 155 0
ZGLB 257 15 257 15
ZGLB 323 82 323 66
ZGLB 329 73 329 6
ZGLB 345 23 345 16
ZGLB 364 35 364 19
ZGLB 367 22 367 3
ZGLB 378 15 378 11
ZGLB 383 17 383 5
ZGLB 383 5 383 0
ZGLB 383 0 383 0
QKLB 84 4 84 4
BOLB 135 13 135 13
BOLB 222 100 222 87
NOLB 574 26 574 12
NOLB 622 60 622 48
SVLB 117 0 117 0
SVLB 128 11 128 11
OWLB 86 3 86 3
ZBMB 385 0 385 0
LCMB 541 59 541 1
LCMB 544 5 544 3
LCMB 551 11 551 7
LCMB 551 7 551 0
LCMB 551 0 551 0
LCMB 551 0 551 0
LCMB 607 56 607 56
TIMB 212 53 212 8
UJMB 179 32 179 0
UJMB 179 0 179 0
UJMB 179 0 179 0
UJMB 179 0 179 0
UJMB 179 0 179 0
UJMB 179 0 179 0
UJMB 183 4 183 4
UJMB 183 4 183 0
WJMB 440 199 440 199
WMMB 250 4 250 0
WMMB 250 0 250 0
WMMB 256 6 256 6
IPMB 469 17 469 17
MTMB 547 0 547 0
MTMB 578 31 578 31
AYMB 577 60 577 60
PBNB 591 18 591 18
ICNB 252 0 252 0
ICNB 283 31 283 31
CINB 166 0 166 0
GINB 568 38 568 38
UQNB 454 10 454 10
VQNB 509 42 509 0
VQNB 515 7 515 6
ERNB 625 17 625 17
ERNB 626 18 626 1
ERNB 626 1 626 0
HVNB 327 14 327 14
UVNB 236 0 236 0
UVNB 239 3 239 3
UVNB 247 12 247 8
PHOB 98 0 98 0
PHOB 98 0 98 0
PHOB 100 2 100 2
UJOB 560 52 560 52
RUOB 153 12 153 12
VYOB 596 99 596 0
VYOB 596 0 596 0
VYOB 596 0 596 0
VYOB 596 0 596 0
VYOB 596 0 596 0
VYOB 596 0 596 0
ODPB 407 42 407 42
ODPB 408 43 408 1
XDPB 555 52 555 52
MFPB 554 36 554 36
OFPB 561 43 561 43
YIPB 554 36 554 36
EKPB 209 0 209 0
SKPB 122 19 122 0
SKPB 122 0 122 0
IQPB 441 10 441 10
CTPB 392 18 392 18
IWPB 445 0 445 0
IWPB 445 0 445 0
IWPB 445 0 445 0
IWPB 445 0 445 0
IWPB 445 0 445 0
IWPB 445 0 445 0
IWPB 468 23 468 23
IWPB 474 30 474 6
BZPB 248 21 248 0
BZPB 248 0 248 0
KAQB 549 52 549 52
DIQB 202 0 202 0
FIQB 549 52 549 52
STQB 547 52 547 52
BCRB 552 43 552 43
KCRB 195 18 195 18
SDRB 29 15 29 15
EGRB 513 73 513 72
FIRB 322 0 322 0
FIRB 322 0 322 0
FIRB 322 0 322 0
FIRB 322 0 322 0
FIRB 322 0 322 0
FMRB 608 0 608 0
FMRB 608 0 608 0
PNRB 548 59 548 59
UNRB 473 1 473 0
UNRB 473 1 473 0
NTRB 546 17 546 17
LWRB 538 0 538 0
LWRB 538 0 538 0
LWRB 538 0 538 0
LWRB 538 0 538 0
LWRB 560 22 560 22
NBSB 165 10 165 10
DLSB 110 0 110 0
DLSB 114 4 114 4
WLSB 126 4 126 0
WLSB 126 0 126 0
WLSB 213 87 213 87
WLSB 224 99 224 11
WLSB 228 15 228 4
JMSB 285 50 285 9
TOSB 85 36 85 36
KUSB 496 86 496 86
KUSB 497 87 497 1
KUSB 500 5 500 3
OUSB 104 0 104 0
OUSB 121 17 121 17
OUSB 123 19 123 2
OUSB 125 4 125 2
OUSB 125 2 125 0
OUSB 130 5 130 5
OXSB 550 31 550 31
FATB 473 77 473 76
NCTB 33 0 33 0
NCTB 33 0 33 0
NCTB 33 0 33 0
NCTB 37 4 37 4
ZDTB 445 41 445 1
ZDTB 524 81 524 79
ZDTB 526 81 526 2
HGTB 526 51 526 51
SHTB 532 43 532 43
ZLTB 99 11 99 5
ZLTB 99 5 99 0
ZPTB 187 66 187 1
WQTB 116 0 116 0
WQTB 118 2 118 2
WQTB 477 361 477 359
WQTB 477 359 477 0
WQTB 477 0 477 0
WQTB 477 0 477 0
WQTB 477 0 477 0
WQTB 477 0 477 0
WQTB 529 52 529 52
HSTB 530 50 530 50
WSTB 290 185 290 185
BUTB 523 127 523 127
QUTB 408 12 408 12
RUTB 408 12 408 12
RUTB 411 16 411 3
RUTB 414 7 414 3
JVTB 541 17 541 17
PXTB 184 5 184 5
PZTB 113 0 113 0
PZTB 114 1 114 1
DAUB 248 31 248 31
JAUB 357 184 357 181
JAUB 357 181 357 0
JAUB 365 8 365 8
EBUB 527 43 527 43
CEUB 63 0 63 0
CEUB 63 0 63 0
CEUB 143 80 143 80
PJUB 113 1 113 1
VLUB 467 69 467 69
EMUB 539 15 539 15
HMUB 193 22 193 22
HMUB 193 22 193 0
HMUB 200 7 200 7
HMUB 200 7 200 0
HMUB 206 6 206 6
HMUB 206 6 206 0
HMUB 210 4 210 4
HMUB 214 8 214 4
HMUB 214 4 214 0
HMUB 215 1 215 1
HMUB 216 2 216 1
HMUB 221 6 221 5
OPUB 459 0 459 0
OPUB 459 0 459 0
OPUB 488 29 488 29
QPUB 371 3 371 0
ZPUB 461 64 461 64
LQUB 483 52 483 52
LQUB 484 53 484 1
LQUB 487 5 487 3
IRUB 516 36 516 36
VTUB 458 0 458 0
VTUB 458 0 458 0
VTUB 466 8 466 8
IUUB 194 10 194 10
IUUB 298 114 298 104
IUUB 298 104 298 0
IUUB 298 0 298 0
IUUB 298 0 298 0
IUUB 298 0 298 0
IUUB 298 0 298 0
IUUB 298 0 298 0
IUUB 298 0 298 0
IUUB 298 0 298 0
IUUB 298 0 298 0
UUUB 297 0 297 0
DJVB 582 26 582 23
TJVB 231 0 231 0
TJVB 231 0 231 0
TJVB 231 0 231 0
TJVB 231 0 231 0
TJVB 231 0 231 0
TJVB 231 0 231 0
TJVB 246 15 246 15
SPVB 389 0 389 0
ZXVB 516 58 516 58
EYVB 510 36 510 36
SZVB 384 134 384 0
SZVB 384 0 384 0
TFWB 133 0 133 0
TFWB 133 0 133 0
TFWB 133 0 133 0
TFWB 133 0 133 0
TFWB 135 2 135 2
TFWB 135 2 135 0
GGWB 63 0 63 0
UGWB 101 9 101 6
UGWB 101 6 101 0
WLWB 163 25 163 25
CBXB 184 29 184 29
LCXB 447 0 447 0
LCXB 447 0 447 0
LCXB 447 0 447 0
LCXB 447 0 447 0
LCXB 447 0 447 0
LCXB 447 0 447 0
LCXB 447 0 447 0
LCXB 498 51 498 51
QHXB 459 0 459 0
QHXB 460 1 460 1
QHXB 460 1 460 0
QHXB 460 0 460 0
QHXB 498 38 498 38
AJXB 399 2 399 0
AJXB 399 0 399 0
AJXB 399 0 399 0
AJXB 469 70 469 70
FJXB 168 64 168 0
FJXB 168 0 168 0
XJXB 446 48 446 5
XJXB 455 14 455 9
OMXB 157 0 157 0
OMXB 157 0 157 0
OMXB 161 4 161 4
OMXB 196 39 196 35
OMXB 239 78 239 43
OMXB 245 49 245 6
UOXB 518 18 518 18
DPXB 233 0 233 0
DPXB 233 0 233 0
DPXB 233 0 233 0
DPXB 233 0 233 0
DTXB 427 0 427 0
DTXB 427 0 427 0
DTXB 440 13 440 13
DTXB 445 18 445 5
DTXB 454 14 454 9
SYXB 202 28 202 28
WZXB 166 0 166 0
WZXB 167 1 167 1
HAYB 495 36 495 36
IAYB 145 14 145 11
IAYB 145 11 145 0
IAYB 145 0 145 0
IAYB 149 4 149 4
PJYB 68 0 68 0
PJYB 71 3 71 3
PJYB 71 3 71 0
PJYB 101 30 101 30
PJYB 102 31 102 1
PJYB 161 60 161 59
HKYB 42 0 42 0
HKYB 162 120 162 120
EOYB 421 0 421 0
EOYB 421 0 421 0
EOYB 434 13 434 13
EOYB 439 18 439 5
EOYB 448 14 448 9
SOYB 333 192 333 0
MRYB 150 0 150 0
MRYB 150 0 150 0
MRYB 150 0 150 0
MRYB 159 9 159 9
MRYB 159 9 159 0
MRYB 159 0 159 0
MRYB 159 0 159 0
MRYB 232 73 232 73
MRYB 238 80 238 6
MRYB 255 24 255 17
MRYB 272 35 272 17
MRYB 272 17 272 0
MRYB 274 2 274 2
MRYB 274 2 274 0
MRYB 274 0 274 0
OSYB 426 0 426 0
OSYB 426 0 426 0
OSYB 462 36 462 36
QWYB 398 14 398 14
QWYB 420 36 420 22
QWYB 420 22 420 0
QWYB 420 0 420 0
QWYB 420 0 420 0
QWYB 431 11 431 11
QWYB 436 17 436 5
QWYB 445 14 445 9
YWYB 453 85 453 85
ZDZB 485 51 485 51
TEZB 228 5 228 5
CJZB 303 204 303 0
WJZB 49 3 49 3
BNZB 434 63 434 63
TOZB 483 35 483 35
RTZB 119 23 119 23
RTZB 119 23 119 0
RTZB 125 6 125 6
RTZB 125 6 125 0
RTZB 126 1 126 1
RTZB 126 1 126 0
RTZB 139 13 139 13
RTZB 139 13 139 0
RTZB 145 6 145 6
RTZB 145 6 145 0
BAAC 139 0 139 0
BAAC 153 14 153 14
QAAC 416 0 416 0
QAAC 416 0 416 0
QAAC 451 35 451 35
QAAC 520 105 520 69
UCAC 436 14 436 9
RDAC 420 14 420 11
RDAC 425 16 425 5
RDAC 434 14 434 9
LFAC 215 0 215 0
LFAC 219 4 219 4
MFAC 127 3 127 3
OGAC 480 51 480 51
OHAC 89 0 89 0
OHAC 89 0 89 0
OHAC 94 5 94 5
OHAC 100 11 100 6
EMAC 62 0 62 0
EMAC 73 11 73 11
EMAC 90 28 90 17
EMAC 91 18 91 1
EMAC 91 1 91 0
EMAC 91 0 91 0
EMAC 99 8 99 8
ANAC 113 4 113 0
ANAC 113 0 113 0
ANAC 120 7 120 7
ANAC 123 10 123 3
ANAC 123 3 123 0
ANAC 123 0 123 0
ANAC 127 4 127 4
ANAC 127 4 127 0
ANAC 127 0 127 0
ANAC 161 34 161 34
KNAC 206 31 206 31
NQAC 109 59 109 0
WTAC 414 0 414 0
WTAC 414 0 414 0
WTAC 433 19 433 19
ZWAC 417 0 417 0
ZWAC 417 0 417 0
ZWAC 434 17 434 17
TABC 415 0 415 0
TABC 415 0 415 0
TABC 416 1 416 1
TABC 416 1 416 0
TABC 416 0 416 0
TABC 416 0 416 0
TABC 475 59 475 59
PBBC 398 11 398 11
GFBC 381 16 381 16
VIBC 241 54 241 54
QKBC 420 0 420 0
QKBC 420 0 420 0
QKBC 470 50 470 50
RKBC 470 50 470 50
ZZBC 120 0 120 0
ZZBC 138 18 138 18
TACC 187 110 187 110
ZJCC 98 0 98 0
ZJCC 100 2 100 2
ZJCC 101 3 101 1
ZJCC 101 1 101 0
ZJCC 103 2 103 2
ZJCC 103 2 103 0
ZJCC 103 0 103 0
ZJCC 105 2 105 2
HKCC 373 16 373 16
IKCC 465 44 465 44
SKCC 465 38 465 38
GOCC 474 67 474 0
GOCC 474 0 474 0
GOCC 474 0 474 0
VOCC 463 50 463 50
KPCC 407 43 407 43
KPCC 412 48 412 5
KPCC 421 14 421 9
JQCC 463 50 463 50
NRCC 463 36 463 36
PVCC 225 11 225 8
PVCC 232 16 232 7
PVCC 232 7 232 0
CYCC 461 50 461 50
OYCC 402 0 402 0
OYCC 402 0 402 0
OYCC 403 1 403 1
OYCC 403 1 403 0
OYCC 403 0 403 0
OYCC 403 0 403 0
OYCC 462 59 462 59
MBDC 397 0 397 0
MBDC 397 0 397 0
MBDC 438 41 438 41
MCDC 148 1 148 0
MCDC 148 0 148 0
MCDC 148 0 148 0
MCDC 152 4 152 4
OCDC 460 50 460 50
GEDC 460 35 460 35
YJDC 366 3 366 0
ALDC 173 84 173 79
ALDC 173 79 173 0
TPDC 464 30 464 30
FUDC 256 0 256 0
FUDC 281 25 281 25
WUDC 456 47 456 47
CBEC 454 47 454 47
XGEC 394 43 394 43
XGEC 399 48 399 5
XGEC 408 14 408 9
ZJEC 392 0 392 0
ZJEC 392 0 392 0
ZJEC 392 0 392 0
ZJEC 392 0 392 0
ZJEC 392 0 392 0
ZJEC 392 0 392 0
ZJEC 451 59 451 59
VKEC 183 81 183 2
WPEC 449 36 449 36
EQEC 449 36 449 36
EVEC 410 0 410 0
RWEC 182 18 182 18
CYEC 234 2 234 0
CYEC 234 0 234 0
CYEC 236 2 236 2
TZEC 98 4 98 4
HAFC 356 16 356 16
OAFC 100 0 100 0
VAFC 423 0 423 0
VAFC 423 0 423 0
ABFC 444 36 444 36
JBFC 386 0 386 0
JBFC 386 0 386 0
JBFC 446 60 446 60
SDFC 438 0 438 0
SDFC 451 13 451 13
OKFC 400 14 400 9
UMFC 442 47 442 47
YOFC 441 44 441 44
XWFC 154 3 154 3
DXFC 446 23 446 23
QCGC 361 0 361 0
QCGC 407 46 407 46
YEGC 346 14 346 14
NLGC 298 58 298 0
NLGC 298 0 298 0
NLGC 374 76 374 76
XLGC 434 46 434 46
LQGC 377 63 377 63
LQGC 382 69 382 5
LQGC 391 14 391 9
VRGC 370 7 370 5
VRGC 370 5 370 0
PSGC 401 0 401 0
PSGC 405 4 405 4
BUGC 122 0 122 0
BUGC 124 2 124 2
AZGC 370 0 370 0
AZGC 370 0 370 0
AZGC 389 19 389 19
SAHC 397 0 397 0
XBHC 393 0 393 0
XBHC 393 0 393 0
XBHC 393 0 393 0
XBHC 428 35 428 35
FCHC 494 403 494 399
FCHC 494 399 494 0
XDHC 101 9 101 7
XDHC 101 7 101 0
UGHC 305 0 305 0
UGHC 305 0 305 0
UGHC 305 0 305 0
UGHC 393 88 393 88
SHHC 114 18 114 18
UHHC 337 16 337 16
YHHC 428 35 428 35
HMHC 336 16 336 16
OMHC 426 46 426 46
CQHC 414 1 414 0
CQHC 445 32 445 31
QRHC 102 3 102 3
OCIC 239 4 239 2
OCIC 239 2 239 0
OCIC 243 4 243 4
MKIC 385 88 385 88
HNIC 376 14 376 9
LNIC 304 23 304 23
IRIC 106 0 106 0
IRIC 106 0 106 0
IRIC 106 0 106 0
IRIC 113 7 113 7
CUIC 325 16 325 16
OAJC 470 32 470 32
NCJC 396 0 396 0
NCJC 419 23 419 23
IEJC 105 5 105 5
IIJC 161 31 161 31
BUJC 375 0 375 0
BUJC 375 0 375 0
BUJC 414 39 414 39
SUJC 350 65 350 65
SUJC 355 70 355 5
SUJC 364 14 364 9
DAKC 377 72 377 72
ABKC 446 348 446 342
WDKC 110 6 110 5
OEKC 331 0 331 0
OEKC 331 0 331 0
OEKC 331 0 331 0
OEKC 331 0 331 0
OEKC 331 0 331 0
OEKC 331 0 331 0
OEKC 331 0 331 0
OEKC 331 0 331 0
OEKC 348 17 348 17
OEKC 353 22 353 5
OEKC 362 14 362 9
XFKC 100 0 100 0
XFKC 103 3 103 3
FHKC 96 3 96 0
FHKC 96 0 96 0
FHKC 96 0 96 0
FHKC 96 0 96 0
FHKC 100 4 100 4
HKKC 344 0 344 0
TRKC 294 0 294 0
TRKC 310 16 310 16
JSKC 384 0 384 0
JSKC 384 0 384 0
JSKC 384 0 384 0
JSKC 384 0 384 0
JSKC 421 37 421 37
QWKC 76 0 76 0
QBLC 95 0 95 0
QBLC 95 0 95 0
QBLC 95 0 95 0
QBLC 97 2 97 2
EDLC 119 1 119 0
EDLC 122 3 122 3
EDLC 122 3 122 0
EDLC 132 10 132 10
EDLC 134 12 134 2
MDLC 364 0 364 0
MDLC 393 29 393 29
XJLC 100 6 100 5
FOLC 96 5 96 1
FOLC 458 363 458 362
FOLC 458 362 458 0
KPLC 348 0 348 0
KPLC 393 45 393 45
VQLC 392 45 392 45
PCMC 177 36 177 36
CEMC 398 40 398 40
BGMC 178 1 178 0
BGMC 183 5 183 5
TGMC 383 0 383 0
KLMC 304 19 304 19
NMMC 103 1 103 0
NMMC 103 0 103 0
NMMC 103 0 103 0
NMMC 103 0 103 0
NMMC 107 4 107 4
QMMC 345 14 345 9
QRMC 385 45 385 45
MWMC 354 0 354 0
MWMC 354 0 354 0
MWMC 354 0 354 0
MWMC 354 0 354 0
MWMC 354 0 354 0
MWMC 354 0 354 0
OWMC 190 12 190 12
HZMC 454 31 454 31
DANC 383 45 383 45
HANC 354 0 354 0
TANC 392 40 392 40
CBNC 236 160 236 160
DCNC 104 1 104 1
DCNC 147 45 147 43
DCNC 156 53 156 9
DCNC 158 12 158 2
KFNC 423 302 423 271
MKNC 250 0 250 0
MKNC 343 93 343 93
AQNC 328 7 328 5
AQNC 337 14 337 9
WUNC 378 44 378 44
ZZNC 378 45 378 45
IBOC 74 6 74 6
NBOC 378 45 378 45
JMOC 167 72 167 21
JMOC 171 25 171 4
JMOC 272 105 272 101
JMOC 272 101 272 0
JMOC 272 0 272 0
JMOC 272 0 272 0
JMOC 272 0 272 0
JMOC 272 0 272 0
JMOC 344 72 344 72
TMOC 318 43 318 43
TMOC 323 48 323 5
TMOC 332 14 332 9
NNOC 93 0 93 0
NNOC 100 7 100 7
NNOC 271 179 271 171
NNOC 271 171 271 0
NNOC 271 0 271 0
NNOC 271 0 271 0
NNOC 271 0 271 0
NNOC 271 0 271 0
NNOC 336 65 336 65
TXOC 136 0 136 0
TXOC 136 0 136 0
TXOC 201 65 201 65
TXOC 201 66 201 0
SYOC 140 22 140 22
HHPC 268 0 268 0
HHPC 339 71 339 71
MEQC 263 175 263 2
EHQC 154 60 154 49
IKQC 301 0 301 0
IKQC 301 0 301 0
IKQC 319 18 319 18
JNQC 204 5 204 5
CPQC 127 30 127 30
GUQC 365 40 365 40
XUQC 258 3 258 0
PBRC 174 31 174 31
AHRC 264 16 264 16
ZIRC 368 2 368 0
WPRC 97 0 97 0
CQRC 211 15 211 15
FYRC 258 4 258 4
FYRC 258 4 258 0
FYRC 258 0 258 0
FYRC 290 32 290 32
FYRC 295 38 295 5
FYRC 304 14 304 9
JYRC 147 25 147 25
JZRC 161 18 161 18
XGSC 213 4 213 4
BXSC 343 45 343 45
XYSC 62 0 62 0
XYSC 62 0 62 0
XYSC 62 0 62 0
XYSC 62 0 62 0
XYSC 62 0 62 0
XYSC 62 0 62 0
XYSC 62 0 62 0
XYSC 71 9 71 9
PBTC 17 0 17 0
JCTC 84 0 84 0
JCTC 84 0 84 0
JCTC 84 0 84 0
JCTC 91 7 91 7
KCTC 83 6 83 6
KCTC 83 7 83 0
KCTC 83 1 83 0
KCTC 83 0 83 0
KCTC 83 0 83 0
KCTC 83 0 83 0
KCTC 109 26 109 26
GNTC 103 0 103 0
GNTC 103 0 103 0
GNTC 103 0 103 0
GNTC 107 4 107 4
GNTC 107 4 107 0
GNTC 107 0 107 0
GNTC 115 8 115 8
GNTC 115 8 115 0
GNTC 115 0 115 0
GNTC 115 0 115 0
GNTC 118 3 118 3
DPTC 109 0 109 0
DPTC 113 4 113 4
LCUC 108 0 108 0
LCUC 117 9 117 9
RFUC 13 3 13 0
RHUC 48 0 48 0
RHUC 48 0 48 0
RHUC 52 4 52 4
KVUC 106 7 106 7
KVUC 111 13 111 5
KVUC 119 14 119 8
SWUC 88 0 88 0
SWUC 93 5 93 5
SWUC 97 9 97 4
SWUC 97 4 97 0
EYUC 238 16 238 16
JZUC 16 0 16 0
JZUC 16 0 16 0
JZUC 16 0 16 0
JZUC 16 0 16 0
JZUC 48 32 48 32
DEVC 158 3 158 3
GMVC 135 32 135 32
UMVC 324 45 324 45
ZUVC 366 5 366 5
ZUVC 370 9 370 4
XEWC 295 30 295 30
OFWC 368 0 368 0
OFWC 368 0 368 0
RHWC 167 0 167 0
RHWC 167 0 167 0
RHWC 167 0 167 0
RHWC 168 1 168 1
RHWC 168 1 168 0
RHWC 168 0 168 0
RHWC 170 2 170 2
VSWC 141 32 141 32
NTWC 70 0 70 0
NTWC 72 2 72 2
RXWC 348 0 348 0
RXWC 362 14 362 14
YXWC 189 5 189 1
YXWC 189 1 189 0
YXWC 194 5 194 5
YXWC 294 106 294 100
YXWC 294 100 294 0
YXWC 297 3 297 3
YXWC 303 10 303 6
YXWC 303 6 303 0
YXWC 303 0 303 0
ACXC 83 4 83 4
OUXC 180 102 180 0
OUXC 180 0 180 0
OUXC 185 5 185 5
OUXC 185 5 185 0
OUXC 185 0 185 0
OUXC 272 87 272 87
VWXC 128 0 128 0
BZXC 125 1 125 1
FZXC 250 60 250 60
FZXC 255 65 255 5
FZXC 264 14 264 9
MHYC 213 37 213 37
QOYC 68 0 68 0
QOYC 99 31 99 31
LTYC 166 0 166 0
OTYC 180 0 180 0
OTYC 186 6 186 6
OTYC 186 6 186 0
OTYC 186 0 186 0
OTYC 186 0 186 0
OTYC 211 25 211 25
PTYC 267 95 267 95
OXYC 229 20 229 20
OXYC 291 82 291 62
OXYC 291 62 291 0
OXYC 293 2 293 2
QYYC 138 7 138 7
DZYC 266 18 266 18
AHZC 278 0 278 0
YIZC 239 60 239 60
YIZC 244 65 244 5
YIZC 253 14 253 9
BKZC 206 16 206 16
EUZC 235 43 235 43
EUZC 240 48 240 5
EUZC 249 14 249 9
CXZC 87 25 87 4
PXZC 249 82 249 82
JDAD 350 211 350 211
YDAD 63 5 63 5
UHAD 190 0 190 0
UHAD 279 89 279 89
ZMAD 152 6 152 6
ZMAD 152 6 152 0
ZMAD 152 0 152 0
ZMAD 152 0 152 0
ZMAD 210 58 210 58
ZMAD 217 65 217 7
ZMAD 218 9 218 1
KOAD 160 0 160 0
KOAD 160 0 160 0
KOAD 160 0 160 0
KOAD 208 49 208 48
KOAD 215 56 215 7
KOAD 216 9 216 1
FRAD 40 4 40 3
FRAD 40 3 40 0
FRAD 75 35 75 35
FRAD 83 43 83 8
HRAD 231 200 231 196
WRAD 276 174 276 174
PTAD 272 2 272 2
HVAD 99 11 99 11
HVAD 274 186 274 175
LZAD 323 0 323 0
LZAD 323 0 323 0
LZAD 348 25 348 25
XBBD 272 90 272 90
ZIBD 209 46 209 7
ZIBD 210 9 210 1
XKBD 152 0 152 0
XKBD 269 117 269 117
NLBD 72 3 72 2
NLBD 73 3 73 1
NLBD 73 1 73 0
NLBD 77 4 77 4
OSBD 265 2 265 2
OTBD 94 0 94 0
OTBD 94 0 94 0
OTBD 268 174 268 174
VTBD 138 0 138 0
VTBD 201 63 201 63
IUBD 223 3 223 3
IUBD 223 3 223 0
IUBD 223 0 223 0
IUBD 230 7 230 7
IUBD 262 40 262 32
IUBD 262 32 262 0
IUBD 264 2 264 2
FYBD 200 23 200 23
FYBD 207 31 207 7
FYBD 208 9 208 1
UZBD 255 0 255 0
UZBD 255 0 255 0
UZBD 265 10 265 10
UZBD 289 35 289 24
UZBD 324 60 324 35
TGCD 338 31 338 31
AHCD 110 0 110 0
AHCD 111 1 111 1
AHCD 114 4 114 3
AHCD 114 3 114 0
AHCD 114 0 114 0
AHCD 116 2 116 2
AHCD 116 2 116 0
AHCD 116 0 116 0
AHCD 116 0 116 0
AHCD 262 146 262 146
JICD 240 101 240 101
ZPCD 238 117 238 117
WYCD 142 0 142 0
WYCD 192 50 192 50
WYCD 199 58 199 7
WYCD 200 9 200 1
QFDD 257 125 257 125
WGDD 277 45 277 32
WGDD 280 35 280 3
HTDD 330 31 330 31
VTDD 125 0 125 0
VTDD 315 190 315 190
EUDD 150 0 150 0
EUDD 151 1 151 1
EUDD 151 1 151 0
EUDD 151 0 151 0
EUDD 151 0 151 0
EUDD 229 78 229 78
IGED 124 4 124 0
QTED 196 95 196 95
DXED 121 0 121 0
DXED 122 2 122 1
DXED 122 1 122 0
DXED 122 0 122 0
DXED 132 10 132 10
DXED 132 10 132 0
DXED 134 2 134 2
DXED 134 2 134 0
DXED 134 0 134 0
DXED 192 58 192 58
XCFD 323 0 323 0
XCFD 323 0 323 0
EEFD 206 0 206 0
EEFD 219 13 219 13
QMFD 153 0 153 0
QMFD 153 0 153 0
QMFD 153 0 153 0
QMFD 153 0 153 0
QMFD 174 21 174 21
QMFD 181 29 181 7
QMFD 182 9 182 1
BNFD 244 166 244 164
BNFD 244 164 244 0
JRFD 173 0 173 0
JRFD 188 15 188 15
JRFD 197 25 197 9
JRFD 197 9 197 0
JRFD 197 0 197 0
JRFD 197 0 197 0
JRFD 197 0 197 0
JRFD 197 0 197 0
JRFD 199 2 199 2
JRFD 201 4 201 2
JRFD 201 2 201 0
JRFD 201 0 201 0
JRFD 220 19 220 19
FTFD 187 123 187 122
ITFD 186 82 186 81
NYFD 7 0 7 0
NYFD 7 0 7 0
NYFD 184 177 184 177
YZFD 311 32 311 32
OAGD 148 0 148 0
OAGD 212 64 212 64
FEGD 183 73 183 73
QFGD 233 2 233 2
HGGD 182 73 182 73
RNGD 110 0 110 0
RNGD 110 0 110 0
RNGD 110 0 110 0
RNGD 110 0 110 0
RNGD 209 99 209 99
OOGD 185 149 185 149
JYGD 146 0 146 0
JYGD 178 32 178 32
JYGD 225 80 225 47
JYGD 225 47 225 0
JYGD 227 2 227 2
XYGD 227 2 227 2
BKHD 229 104 229 104
NNHD 131 0 131 0
NNHD 131 0 131 0
NNHD 175 44 175 44
UNHD 300 30 300 30
FUHD 122 16 122 1
FUHD 123 3 123 1
FUHD 169 47 169 46
FUHD 192 70 192 23
FUHD 192 23 192 0
FUHD 192 0 192 0
FUHD 193 1 193 1
FUHD 193 1 193 0
FUHD 193 0 193 0
FUHD 244 51 244 51
MVHD 220 2 220 2
GWHD 117 0 117 0
GWHD 198 81 198 81
COID 187 2 187 2
ISID 218 128 218 128
MPJD 252 0 252 0
MPJD 252 0 252 0
MPJD 252 0 252 0
MPJD 252 0 252 0
MPJD 282 30 282 30
NWJD 118 0 118 0
NWJD 182 64 182 64
AXJD 166 0 166 0
AXJD 184 18 184 18
MDKD 162 0 162 0
MDKD 181 19 181 19
JEKD 237 17 237 17
UGKD 79 2 79 2
UGKD 79 2 79 0
MKKD 23 4 23 4
MKKD 23 4 23 0
MKKD 29 6 29 6
MKKD 195 172 195 166
LLKD 171 0 171 0
LLKD 186 15 186 15
ZTKD 94 4 94 4
ZTKD 177 87 177 83
ZTKD 177 83 177 0
CLLD 197 109 197 103
CLLD 197 103 197 0
ZLLD 198 64 198 0
ZLLD 198 0 198 0
FULD 196 106 196 101
FULD 196 101 196 0
MXLD 109 0 109 0
MXLD 251 142 251 142
TXLD 21 0 21 0
TXLD 167 146 167 146
GAMD 167 1 167 1
UKMD 244 19 244 19
OTMD 113 0 113 0
OTMD 113 0 113 0
OTMD 131 18 131 18
WUMD 133 14 133 10
WUMD 133 10 133 0
YVMD 171 0 171 0
YVMD 171 0 171 0
YVMD 171 0 171 0
YVMD 171 0 171 0
YVMD 171 0 171 0
YVMD 172 1 172 1
ZVMD 194 0 194 0
ZVMD 194 0 194 0
AGND 256 0 256 0
AGND 256 0 256 0
AGND 256 0 256 0
KOND 196 5 196 5
ISND 51 0 51 0
ISND 124 73 124 73
VJOD 148 1 148 1
KKOD 67 0 67 0
KKOD 67 0 67 0
KKOD 67 0 67 0
KKOD 67 0 67 0
KKOD 67 0 67 0
KKOD 121 54 121 54
VOOD 229 45 229 45
AEPD 140 64 140 64
LLPD 195 8 195 8
JAQD 184 2 184 2
RKQD 179 2 179 2
FYQD 54 4 54 4
FYQD 125 75 125 71
FYQD 125 71 125 0
GBRD 147 20 147 20
JHRD 110 0 110 0
QKRD 127 0 127 0
QKRD 146 19 146 19
SKRD 160 0 160 0
SKRD 164 4 164 4
JISD 180 0 180 0
XISD 211 25 211 25
TUSD 96 9 96 2
IOTD 167 0 167 0
IOTD 167 0 167 0
IOTD 167 0 167 0
IOTD 167 0 167 0
IOTD 189 22 189 22
LPTD 110 19 110 16
LPTD 110 16 110 0
UTTD 197 105 197 103
UTTD 197 103 197 0
BOUD 182 29 182 27
TVUD 122 109 122 106
TVUD 124 108 124 2
FYUD 69 0 69 0
FYUD 124 55 124 55
IIVD 101 2 101 2
NJVD 153 0 153 0
NJVD 157 4 157 4
SSVD 162 0 162 0
SSVD 163 1 163 1
CBWD 95 1 95 0
CBWD 95 0 95 0
CBWD 116 21 116 21
TBXD 110 4 110 3
VIYD 152 35 152 29
VIYD 152 29 152 0
VIYD 152 0 152 0
VIYD 152 0 152 0
VIYD 152 0 152 0
VIYD 152 0 152 0
VIYD 170 18 170 18
QNYD 62 26 62 0
ZNYD 156 50 156 50
DRYD 118 0 118 0
DRYD 120 2 120 2
GXYD 147 33 147 33
GXYD 167 54 167 20
GXYD 167 20 167 0
GXYD 167 0 167 0
GXYD 167 0 167 0
LYYD 168 26 168 26
EFZD 159 6 159 0
EFZD 159 0 159 0
EFZD 159 0 159 0
EFZD 159 0 159 0
EFZD 159 0 159 0
EFZD 159 0 159 0
EFZD 159 0 159 0
EFZD 160 1 160 1
EFZD 160 1 160 0
CFAE 109 4 109 4
CFAE 109 4 109 0
CFAE 109 0 109 0
CFAE 115 6 115 6
MSAE 100 12 100 12
MSAE 101 13 101 1
MSAE 101 1 101 0
MSAE 105 4 105 4
MSAE 105 4 105 0
MSAE 105 0 105 0
MSAE 111 6 111 6
WMBE 131 0 131 0
WMBE 134 3 134 3
IWBE 56 2 56 2
IWBE 56 2 56 0
IWBE 65 9 65 9
IWBE 73 17 73 8
WECE 31 5 31 5
JXCE 123 0 123 0
ZEDE 133 24 133 24
XHDE 36 6 36 5
FJDE 93 16 93 16
FJDE 93 16 93 0
FJDE 96 3 96 3
USDE 68 0 68 0
USDE 72 4 72 4
IOEE 75 4 75 0
IOEE 110 35 110 35
IOEE 110 35 110 0
IOEE 110 0 110 0
VGFE 116 6 116 6
PPFE 115 25 115 25
LQFE 30 4 30 0
LQFE 32 2 32 2
LQFE 34 4 34 2
LQFE 35 4 35 1
LQFE 38 4 38 3
LQFE 38 3 38 0
LQFE 39 1 39 1
LQFE 46 8 46 7
IPGE 58 0 58 0
IPGE 80 22 80 22
BLLE 53 0 53 0
BLLE 53 0 53 0
BLLE 57 4 57 4
IULE 54 11 54 6
IULE 54 6 54 0
LZLE 51 31 51 25
